Time - Voltage	Amplitude - Voltage
0	3.19585
0.000488	1.55267
0.000977	-0.634756
0.001465	-2.61733
0.001953	-3.71025
0.002441	-3.53144
0.00293	-2.14836
0.003418	-0.0390271
0.003906	2.07512
0.004395	3.46608
0.004883	3.64901
0.005371	2.56458
0.005859	0.590063
0.006348	-1.59981
0.006836	-3.25325
0.007324	-3.79404
0.007812	-3.03605
0.008301	-1.2468
0.008789	0.961044
0.009277	2.83089
0.009766	3.71213
0.010254	3.30312
0.010742	1.74831
0.01123	-0.417454
0.011719	-2.45414
0.012207	-3.65657
0.012695	-3.60693
0.013184	-2.32594
0.013672	-0.25731
0.01416	1.89021
0.014648	3.37908
0.015137	3.69002
0.015625	2.71903
0.016113	0.804642
0.016602	-1.39809
0.01709	-3.13385
0.017578	-3.79848
0.018066	-3.16311
0.018555	-1.4512
0.019043	0.748004
0.019531	2.68225
0.02002	3.68147
0.020508	3.39934
0.020996	1.93701
0.021484	-0.199257
0.021973	-2.28201
0.022461	-3.59064
0.022949	-3.67018
0.023437	-2.49562
0.023926	-0.475678
0.024414	1.69846
0.024902	3.27934
0.025391	3.71723
0.025879	2.86358
0.026367	1.01641
0.026855	-1.19182
0.027344	-3.00437
0.027832	-3.791
0.02832	-3.2796
0.028809	-1.6513
0.029297	0.532898
0.029785	2.52596
0.030273	3.6384
0.030762	3.48397
0.03125	2.12098
0.031738	0.0197188
0.032227	-2.10188
0.032715	-3.51263
0.033203	-3.72043
0.033691	-2.6564
0.03418	-0.692399
0.034668	1.50117
0.035156	3.16912
0.035645	3.73285
0.036133	2.99839
0.036621	1.22453
0.037109	-0.981396
0.037598	-2.86423
0.038086	-3.7708
0.038574	-3.38511
0.039062	-1.8458
0.039551	0.314971
0.040039	2.35989
0.040527	3.58226
0.041016	3.55644
0.041504	2.29647
0.041992	0.238134
0.04248	-1.91582
0.042969	-3.42299
0.043457	-3.75869
0.043945	-2.80887
0.044434	-0.905883
0.044922	1.29849
0.04541	3.04788
0.045898	3.73533
0.046387	3.12365
0.046875	1.42864
0.047363	-0.768284
0.047852	-2.71445
0.04834	-3.7366
0.048828	-3.47887
0.049316	-2.03428
0.049805	0.0971667
0.050293	2.1869
0.050781	3.5142
0.05127	3.6175
0.051758	2.46445
0.052246	0.455751
0.052734	-1.72247
0.053223	-3.32157
0.053711	-3.7838
0.054199	-2.95216
0.054687	-1.11722
0.055176	1.09111
0.055664	2.91611
0.056152	3.72498
0.056641	3.23727
0.057129	1.62712
0.057617	-0.552465
0.058105	-2.5565
0.058594	-3.69139
0.059082	-3.5614
0.05957	-2.21624
0.060059	-0.121905
0.060547	2.00595
0.061035	3.43403
0.061523	3.66572
0.062012	2.6237
0.0625	0.671785
0.062988	-1.52347
0.063477	-3.20939
0.063965	-3.79678
0.064453	-3.08548
0.064941	-1.32483
0.06543	0.88083
0.065918	2.77515
0.066406	3.70226
0.066895	3.34118
0.067383	1.82005
0.067871	-0.335294
0.068359	-2.38935
0.068848	-3.63306
0.069336	-3.63191
0.069824	-2.39033
0.070312	-0.339881
0.070801	1.8185
0.071289	3.34253
0.071777	3.70136
0.072266	2.77459
0.072754	0.884811
0.073242	-1.32081
0.07373	-3.0864
0.074219	-3.79738
0.074707	-3.20844
0.075195	-1.52761
0.075684	0.665802
0.076172	2.62365
0.07666	3.66673
0.077148	3.43237
0.077637	2.00781
0.078125	-0.116504
0.078613	-2.21485
0.079102	-3.56319
0.07959	-3.69015
0.080078	-2.55727
0.080566	-0.557204
0.081055	1.62488
0.081543	3.23961
0.082031	3.725
0.08252	2.9161
0.083008	1.09557
0.083496	-1.11291
0.083984	-2.95236
0.084473	-3.78467
0.084961	-3.3208
0.085449	-1.72559
0.085937	0.450667
0.086426	2.46419
0.086914	3.61864
0.087402	3.51308
0.087891	2.18814
0.088379	0.102043
0.088867	-2.03256
0.089355	-3.48038
0.089844	-3.73729
0.090332	-2.71529
0.09082	-0.773322
0.091309	1.42513
0.091797	3.12445
0.092285	3.73603
0.092773	3.0473
0.093262	1.30199
0.09375	-0.901245
0.094238	-2.80919
0.094727	-3.75956
0.095215	-3.42199
0.095703	-1.91798
0.096191	0.233024
0.09668	2.29598
0.097168	3.55827
0.097656	3.58151
0.098145	2.36074
0.098633	0.320649
0.099121	-1.8433
0.099609	-3.3859
0.100098	-3.76993
0.100586	-2.86416
0.101074	-0.985958
0.101562	1.22086
0.102051	2.99951
0.102539	3.73328
0.103027	3.16791
0.103516	1.50381
0.104004	-0.686884
0.104492	-2.65638
0.10498	-3.72167
0.105469	-3.51148
0.105957	-2.10404
0.106445	0.0137449
0.106934	2.11912
0.107422	3.48551
0.10791	3.63694
0.108398	2.52558
0.108887	0.537297
0.109375	-1.64869
0.109863	-3.28061
0.110352	-3.79063
0.11084	-3.0034
0.111328	-1.19606
0.111816	1.01226
0.112305	2.86445
0.112793	3.71793
0.113281	3.278
0.11377	1.70086
0.114258	-0.470456
0.114746	-2.4946
0.115234	-3.67041
0.115723	-3.58922
0.116211	-2.283
0.116699	-0.204083
0.117187	1.93618
0.117676	3.40068
0.118164	3.68061
0.118652	2.68187
0.119141	0.752538
0.119629	-1.44778
0.120117	-3.16371
0.120605	-3.79865
0.121094	-3.13293
0.121582	-1.40191
0.12207	0.800041
0.122559	2.71893
0.123047	3.68918
0.123535	3.37629
0.124023	1.89198
0.124512	-0.252547
0.125	-2.32433
0.125488	-3.60819
0.125977	-3.65614
0.126465	-2.45436
0.126953	-0.422675
0.127441	1.74586
0.12793	3.30436
0.128418	3.71145
0.128906	2.82887
0.129395	0.965288
0.129883	-1.24319
0.130371	-3.03676
0.130859	-3.79346
0.131348	-3.2519
0.131836	-1.60289
0.132324	0.585443
0.132812	2.56481
0.133301	3.64977
0.133789	3.46439
0.134277	2.07714
0.134766	-0.0337904
0.135254	-2.14671
0.135742	-3.53263
0.13623	-3.70904
0.136719	-2.61768
0.137207	-0.639181
0.137695	1.54997
0.138184	3.19674
0.138672	3.73034
0.13916	2.96658
0.139648	1.17344
0.140137	-1.0334
0.140625	-2.89944
0.141113	-3.77659
0.141602	-3.36002
0.14209	-1.79928
0.142578	0.367166
0.143066	2.40151
0.143555	3.59702
0.144043	3.53973
0.144531	2.25431
0.14502	0.184778
0.145508	-1.96158
0.145996	-3.44594
0.146484	-3.75052
0.146973	-2.77234
0.147461	-0.85406
0.147949	1.34862
0.148437	3.07887
0.148926	3.73587
0.149414	3.09405
0.149902	1.37904
0.150391	-0.820572
0.150879	-2.75142
0.151367	-3.74634
0.151855	-3.45696
0.152344	-1.98905
0.152832	0.150441
0.15332	2.23001
0.153809	3.53193
0.154297	3.60353
0.154785	2.42433
0.155273	0.402523
0.155762	-1.77016
0.15625	-3.34826
0.156738	-3.77977
0.157227	-2.91796
0.157715	-1.06583
0.158203	1.14214
0.158691	2.9496
0.15918	3.72861
0.159668	3.21064
0.160156	1.57915
0.160645	-0.605253
0.161133	-2.59611
0.161621	-3.70354
0.162109	-3.54229
0.162598	-2.17246
0.163086	-0.0690069
0.163574	2.0515
0.164062	3.45495
0.164551	3.65536
0.165039	2.5861
0.165527	0.619181
0.166016	-1.57304
0.166504	-3.2377
0.166992	-3.79516
0.16748	-3.05392
0.167969	-1.27433
0.168457	0.932624
0.168945	2.81054
0.169434	3.70892
0.169922	3.31685
0.17041	1.77406
0.170898	-0.388165
0.171387	-2.43096
0.171875	-3.64941
0.172363	-3.616
0.172852	-2.34895
0.17334	-0.28734
0.173828	1.86481
0.174316	3.36553
0.174805	3.69414
0.175293	2.73841
0.175781	0.83433
0.17627	-1.37047
0.176758	-3.11743
0.177246	-3.79863
0.177734	-3.17935
0.178223	-1.47861
0.178711	0.719192
0.179199	2.66168
0.179687	3.67679
0.180176	3.41206
0.180664	1.9629
0.181152	-0.169617
0.181641	-2.25794
0.182129	-3.58069
0.182617	-3.67733
0.183105	-2.51732
0.183594	-0.504691
0.184082	1.67303
0.18457	3.2655
0.185059	3.72026
0.185547	2.88241
0.186035	1.04435
0.186523	-1.16363
0.187012	-2.98615
0.1875	-3.78941
0.187988	-3.29385
0.188477	-1.67803
0.188965	0.503314
0.189453	2.50381
0.189941	3.6314
0.19043	3.49435
0.190918	2.14464
0.191406	0.0491378
0.191895	-2.07769
0.192383	-3.5003
0.192871	-3.7257
0.193359	-2.67764
0.193848	-0.720903
0.194336	1.47404
0.194824	3.15348
0.195312	3.73362
0.195801	3.01592
0.196289	1.2518
0.196777	-0.95344
0.197266	-2.84481
0.197754	-3.76649
0.198242	-3.39829
0.19873	-1.87156
0.199219	0.28626
0.199707	2.33758
0.200195	3.57386
0.200684	3.56564
0.201172	2.3197
0.20166	0.267246
0.202148	-1.89001
0.202637	-3.4099
0.203125	-3.76255
0.203613	-2.82885
0.204102	-0.934455
0.20459	1.27081
0.205078	3.03041
0.205566	3.73469
0.206055	3.13912
0.206543	1.45515
0.207031	-0.739468
0.20752	-2.69423
0.208008	-3.73184
0.208496	-3.4909
0.208984	-2.0588
0.209473	0.0680156
0.209961	2.16271
0.210449	3.50423
0.210937	3.6246
0.211426	2.48635
0.211914	0.484923
0.212402	-1.69649
0.212891	-3.30696
0.213379	-3.7865
0.213867	-2.97035
0.214355	-1.14545
0.214844	1.06319
0.215332	2.89839
0.21582	3.72262
0.216309	3.2523
0.216797	1.65362
0.217285	-0.522652
0.217773	-2.53396
0.218262	-3.68416
0.21875	-3.57143
0.219238	-2.24029
0.219727	-0.151198
0.220215	1.981
0.220703	3.42262
0.221191	3.67124
0.22168	2.64483
0.222168	0.700315
0.222656	-1.49708
0.223145	-3.19347
0.223633	-3.79814
0.224121	-3.10255
0.224609	-1.3523
0.225098	0.851988
0.225586	2.75456
0.226074	3.69734
0.226562	3.35397
0.227051	1.84599
0.227539	-0.30548
0.228027	-2.36651
0.228516	-3.62403
0.229004	-3.64056
0.229492	-2.41348
0.22998	-0.369551
0.230469	1.79279
0.230957	3.32914
0.231445	3.70603
0.231934	2.79432
0.232422	0.913793
0.23291	-1.29261
0.233398	-3.06863
0.233887	-3.79589
0.234375	-3.22328
0.234863	-1.55482
0.235352	0.63798
0.23584	2.60299
0.236328	3.66073
0.236816	3.4442
0.237305	2.03246
0.237793	-0.0871134
0.238281	-2.19068
0.23877	-3.55209
0.239258	-3.69743
0.239746	-2.57856
0.240234	-0.586464
0.240723	1.59768
0.241211	3.22386
0.241699	3.72702
0.242187	2.93351
0.242676	1.12273
0.243164	-1.08413
0.243652	-2.93377
0.244141	-3.78203
0.244629	-3.33491
0.245117	-1.75245
0.245605	0.421122
0.246094	2.44184
0.246582	3.61105
0.24707	3.5225
0.247559	2.21189
0.248047	0.131845
0.248535	-2.00711
0.249023	-3.46798
0.249512	-3.74156
0.25	-2.73568
0.250488	-0.801841
0.250977	1.39805
0.251465	3.1084
0.251953	3.73561
0.252441	3.064
0.25293	1.3299
0.253418	-0.872449
0.253906	-2.78895
0.254395	-3.75504
0.254883	-3.43467
0.255371	-1.9434
0.255859	0.203455
0.256348	2.27211
0.256836	3.5488
0.257324	3.58924
0.257812	2.38361
0.258301	0.349803
0.258789	-1.81736
0.259277	-3.37249
0.259766	-3.77346
0.260254	-2.8838
0.260742	-1.01469
0.26123	1.19233
0.261719	2.98194
0.262207	3.73198
0.262695	3.18332
0.263184	1.53126
0.263672	-0.657352
0.26416	-2.63464
0.264648	-3.71516
0.265137	-3.52251
0.265625	-2.12874
0.266113	-0.0151988
0.266602	2.09502
0.26709	3.47475
0.267578	3.64409
0.268066	2.54756
0.268555	0.566833
0.269043	-1.62142
0.269531	-3.2654
0.27002	-3.79226
0.270508	-3.02192
0.270996	-1.22396
0.271484	0.983098
0.271973	2.84502
0.272461	3.71508
0.272949	3.29219
0.273437	1.72766
0.273926	-0.441289
0.274414	-2.47187
0.274902	-3.66311
0.275391	-3.59918
0.275879	-2.30731
0.276367	-0.233958
0.276855	1.91032
0.277344	3.38819
0.277832	3.68569
0.27832	2.70237
0.278809	0.781725
0.279297	-1.42011
0.279785	-3.14726
0.280273	-3.79874
0.280762	-3.14966
0.28125	-1.42917
0.281738	0.771143
0.282227	2.69886
0.282715	3.68557
0.283203	3.38952
0.283691	1.91778
0.28418	-0.221754
0.284668	-2.30055
0.285156	-3.59833
0.285645	-3.66333
0.286133	-2.47727
0.286621	-0.451988
0.287109	1.71948
0.287598	3.29055
0.288086	3.7146
0.288574	2.84783
0.289062	0.993651
0.289551	-1.21412
0.290039	-3.01847
0.290527	-3.79279
0.291016	-3.26741
0.291504	-1.63011
0.291992	0.556038
0.29248	2.5425
0.292969	3.64329
0.293457	3.47524
0.293945	2.10121
0.294434	-0.00419195
0.294922	-2.12167
0.29541	-3.52171
0.295898	-3.71555
0.296387	-2.63939
0.296875	-0.668537
0.297363	1.52274
0.297852	3.18137
0.29834	3.73151
0.298828	2.98466
0.299316	1.20244
0.299805	-1.00428
0.300293	-2.87982
0.300781	-3.77356
0.30127	-3.37425
0.301758	-1.82526
0.302246	0.338943
0.302734	2.37859
0.303223	3.58878
0.303711	3.54919
0.304199	2.27837
0.304687	0.214948
0.305176	-1.93693
0.305664	-3.43381
0.306152	-3.75538
0.306641	-2.79327
0.307129	-0.883053
0.307617	1.32021
0.308105	3.06145
0.308594	3.73556
0.309082	3.11111
0.30957	1.40674
0.310059	-0.791578
0.310547	-2.73148
0.311035	-3.74151
0.311523	-3.46964
0.312012	-2.01447
0.3125	0.120691
0.312988	2.20616
0.313477	3.52251
0.313965	3.61172
0.314453	2.44669
0.314941	0.432888
0.31543	-1.74347
0.315918	-3.33311
0.316406	-3.78209
0.316895	-2.93691
0.317383	-1.09497
0.317871	1.11372
0.318359	2.93156
0.318848	3.7267
0.319336	3.22579
0.319824	1.60626
0.320312	-0.576169
0.320801	-2.57366
0.321289	-3.69659
0.321777	-3.55375
0.322266	-2.19706
0.322754	-0.0982727
0.323242	2.02633
0.32373	3.44287
0.324219	3.66108
0.324707	2.60694
0.325195	0.648608
0.325684	-1.54668
0.326172	-3.22255
0.32666	-3.79617
0.327148	-3.07155
0.327637	-1.30214
0.328125	0.903369
0.328613	2.79055
0.329102	3.70565
0.32959	3.33026
0.330078	1.79993
0.330566	-0.358233
0.331055	-2.40756
0.331543	-3.63944
0.332031	-3.62448
0.33252	-2.37191
0.333008	-0.316636
0.333496	1.83887
0.333984	3.35264
0.334473	3.69811
0.334961	2.75881
0.335449	0.862462
0.335937	-1.34259
0.336426	-3.09968
0.336914	-3.79825
0.337402	-3.19583
0.337891	-1.50558
0.338379	0.689572
0.338867	2.64035
0.339355	3.67075
0.339844	3.42254
0.340332	1.98798
0.34082	-0.140349
0.341309	-2.23369
0.341797	-3.57102
0.342285	-3.68413
0.342773	-2.53869
0.343262	-0.534576
0.34375	1.64575
0.344238	3.2505
0.344727	3.72301
0.345215	2.9011
0.345703	1.07321
0.346191	-1.13514
0.34668	-2.96711
0.347168	-3.78661
0.347656	-3.30867
0.348145	-1.70433
0.348633	0.474029
0.349121	2.48183
0.349609	3.62448
0.350098	3.50466
0.350586	2.16941
0.351074	0.0797565
0.351562	-2.05251
0.352051	-3.48944
0.352539	-3.73204
0.353027	-2.69865
0.353516	-0.75001
0.354004	1.44679
0.354492	3.13738
0.35498	3.7347
0.355469	3.03324
0.355957	1.28019
0.356445	-0.924485
0.356934	-2.82493
0.357422	-3.76284
0.35791	-3.41163
0.358398	-1.89784
0.358887	0.25667
0.359375	2.3149
0.359863	3.56477
0.360352	3.57458
0.36084	2.34276
0.361328	0.297145
0.361816	-1.86387
0.362305	-3.39667
0.362793	-3.76722
0.363281	-2.84842
0.36377	-0.963602
0.364258	1.24264
0.364746	3.01385
0.365234	3.73413
0.365723	3.15556
0.366211	1.48286
0.366699	-0.709847
0.367187	-2.67269
0.367676	-3.72541
0.368164	-3.50235
0.368652	-2.08443
0.369141	0.0375922
0.369629	2.13863
0.370117	3.49361
0.370605	3.63158
0.371094	2.5086
0.371582	0.514357
0.37207	-1.6696
0.372559	-3.29248
0.373047	-3.78881
0.373535	-2.98936
0.374023	-1.17395
0.374512	1.03452
0.375	2.87909
0.375488	3.72009
0.375977	3.26636
0.376465	1.68031
0.376953	-0.493781
0.377441	-2.51219
0.37793	-3.67682
0.378418	-3.58176
0.378906	-2.26403
0.379395	-0.180904
0.379883	1.95586
0.380371	3.41049
0.380859	3.6774
0.381348	2.66562
0.381836	0.729901
0.382324	-1.46897
0.382812	-3.17677
0.383301	-3.79834
0.383789	-3.11947
0.384277	-1.37994
0.384766	0.82281
0.385254	2.73513
0.385742	3.69382
0.38623	3.36691
0.386719	1.87206
0.387207	-0.27578
0.387695	-2.34314
0.388184	-3.61515
0.388672	-3.64873
0.38916	-2.43696
0.389648	-0.399869
0.390137	1.76599
0.390625	3.31528
0.391113	3.70904
0.391602	2.81379
0.39209	0.942424
0.392578	-1.26548
0.393066	-3.05105
0.393555	-3.79522
0.394043	-3.24007
0.394531	-1.58164
0.39502	0.608311
0.395508	2.58134
0.395996	3.65504
0.396484	3.4558
0.396973	2.05732
0.397461	-0.056657
0.397949	-2.16591
0.398437	-3.54166
0.398926	-3.70385
0.399414	-2.60072
0.399902	-0.615967
0.400391	1.5709
0.400879	3.21008
0.401367	3.72892
0.401855	2.9523
0.402344	1.15204
0.402832	-1.05581
0.40332	-2.91465
0.403809	-3.77914
0.404297	-3.34921
0.404785	-1.77834
0.405273	0.391766
0.405762	2.41913
0.40625	3.60294
0.406738	3.53213
0.407227	2.23576
0.407715	0.161362
0.408203	-1.98181
0.408691	-3.45581
0.40918	-3.74569
0.409668	-2.7563
0.410156	-0.831326
0.410645	1.37022
0.411133	3.09143
0.411621	3.73593
0.412109	3.08073
0.412598	1.35761
0.413086	-0.843752
0.413574	-2.76854
0.414062	-3.74974
0.414551	-3.44685
0.415039	-1.96846
0.415527	0.173546
0.416016	2.24875
0.416504	3.53954
0.416992	3.59758
0.41748	2.40672
0.417969	0.379776
0.418457	-1.79092
0.418945	-3.35826
0.419434	-3.77674
0.419922	-2.90287
0.42041	-1.04372
0.420898	1.16457
0.421387	2.96323
0.421875	3.73007
0.422363	3.19889
0.422852	1.55843
0.42334	-0.628087
0.423828	-2.61321
0.424316	-3.70886
0.424805	-3.53386
0.425293	-2.15361
0.425781	-0.0440222
0.42627	2.07083
0.426758	3.46315
0.427246	3.65027
0.427734	2.56893
0.428223	0.596017
0.428711	-1.59454
0.429199	-3.24956
0.429687	-3.79435
0.430176	-3.04005
0.430664	-1.2522
0.431152	0.95484
0.431641	2.82556
0.432129	3.71184
0.432617	3.30606
0.433105	1.75379
0.433594	-0.411319
0.434082	-2.44874
0.43457	-3.65469
0.435059	-3.60856
0.435547	-2.33053
0.436035	-0.263596
0.436523	1.88491
0.437012	3.37578
0.4375	3.69021
0.437988	2.7225
0.438477	0.810124
0.438965	-1.39256
0.439453	-3.13049
0.439941	-3.79953
0.44043	-3.16649
0.440918	-1.4571
0.441406	0.742034
0.441895	2.67801
0.442383	3.67968
0.442871	3.40111
0.443359	1.94334
0.443848	-0.193354
0.444336	-2.27671
0.444824	-3.58881
0.445312	-3.6713
0.445801	-2.4997
0.446289	-0.480925
0.446777	1.69346
0.447266	3.27641
0.447754	3.7182
0.448242	2.86754
0.44873	1.02232
0.449219	-1.18594
0.449707	-3.00021
0.450195	-3.79033
0.450684	-3.28219
0.451172	-1.65693
0.45166	0.526577
0.452148	2.5211
0.452637	3.63688
0.453125	3.48578
0.453613	2.12593
0.454102	0.0252875
0.45459	-2.09725
0.455078	-3.50974
0.455566	-3.72159
0.456055	-2.66091
0.456543	-0.697796
0.457031	1.49534
0.45752	3.16553
0.458008	3.73282
0.458496	3.00232
0.458984	1.22988
0.459473	-0.976134
0.459961	-2.8601
0.460449	-3.76972
0.460937	-3.3875
0.461426	-1.85108
0.461914	0.309433
0.462402	2.35537
0.462891	3.5807
0.463379	3.5588
0.463867	2.30154
0.464355	0.244438
0.464844	-1.91053
0.465332	-3.42012
0.46582	-3.75925
0.466309	-2.81285
0.466797	-0.911743
0.467285	1.29253
0.467773	3.04405
0.468262	3.73531
0.46875	3.12666
0.469238	1.43415
0.469727	-0.762286
0.470215	-2.71137
0.470703	-3.73582
0.471191	-3.48153
0.47168	-2.03981
0.472168	0.0906339
0.472656	2.18189
0.473145	3.51145
0.473633	3.61852
0.474121	2.46917
0.474609	0.461521
0.475098	-1.71717
0.475586	-3.3192
0.476074	-3.78592
0.476562	-2.95594
0.477051	-1.1231
0.477539	1.08542
0.478027	2.91256
0.478516	3.7246
0.479004	3.24097
0.479492	1.63317
0.47998	-0.546368
0.480469	-2.55169
0.480957	-3.68993
0.481445	-3.56323
0.481934	-2.2212
0.482422	-0.127797
0.48291	2.00112
0.483398	3.43182
0.483887	3.6669
0.484375	2.62788
0.484863	0.677862
0.485352	-1.51836
0.48584	-3.20591
0.486328	-3.79742
0.486816	-3.08874
0.487305	-1.33103
0.487793	0.87435
0.488281	2.77088
0.48877	3.70128
0.489258	3.34357
0.489746	1.82605
0.490234	-0.328885
0.490723	-2.38488
0.491211	-3.63162
0.491699	-3.63395
0.492187	-2.39582
0.492676	-0.34742
0.493164	1.81298
0.493652	3.33949
0.494141	3.70231
0.494629	2.77871
0.495117	0.891204
0.495605	-1.31463
0.496094	-3.08273
0.496582	-3.79742
0.49707	-3.21164
0.497559	-1.53312
0.498047	0.660799
0.498535	2.6198
0.499023	3.66558
0.499512	3.43566
0.5	2.01326
0.500488	-0.110089
0.500977	-2.20947
0.501465	-3.56051
0.501953	-3.69185
0.502441	-2.56185
0.50293	-0.563518
0.503418	1.61868
0.503906	3.23584
0.504395	3.72536
0.504883	2.91941
0.505371	1.10144
0.505859	-1.10698
0.506348	-2.94829
0.506836	-3.78409
0.507324	-3.3239
0.507812	-1.73136
0.508301	0.444444
0.508789	2.45928
0.509277	3.61728
0.509766	3.51496
0.510254	2.19317
0.510742	0.108458
0.51123	-2.02715
0.511719	-3.47752
0.512207	-3.73736
0.512695	-2.71922
0.513184	-0.779395
0.513672	1.41937
0.51416	3.12097
0.514648	3.73557
0.515137	3.05087
0.515625	1.30802
0.516113	-0.894802
0.516602	-2.80469
0.51709	-3.75829
0.517578	-3.42459
0.518066	-1.92357
0.518555	0.22677
0.519043	2.2907
0.519531	3.55615
0.52002	3.58289
0.520508	2.36543
0.520996	0.326723
0.521484	-1.8379
0.521973	-3.38326
0.522461	-3.77083
0.522949	-2.86808
0.523437	-0.992187
0.523926	1.21459
0.524414	2.9956
0.524902	3.73261
0.525391	3.17088
0.525879	1.51125
0.526367	-0.68034
0.526855	-2.65191
0.527344	-3.71979
0.527832	-3.51405
0.52832	-2.1088
0.528809	0.00828666
0.529297	2.11404
0.529785	3.483
0.530273	3.63859
0.530762	2.53001
0.53125	0.543788
0.531738	-1.64201
0.532227	-3.27706
0.532715	-3.79091
0.533203	-3.00734
0.533691	-1.20159
0.53418	1.00535
0.534668	2.85979
0.535156	3.71752
0.535645	3.28084
0.536133	1.70665
0.536621	-0.463966
0.537109	-2.48949
0.537598	-3.66904
0.538086	-3.59141
0.538574	-2.28882
0.539062	-0.211103
0.539551	1.93047
0.540039	3.3978
0.540527	3.68153
0.541016	2.68604
0.541504	0.75887
0.541992	-1.442
0.54248	-3.15896
0.542969	-3.7981
0.543457	-3.13684
0.543945	-1.40767
0.544434	0.7937
0.544922	2.71445
0.54541	3.68911
0.545898	3.3796
0.546387	1.89795
0.546875	-0.245644
0.547363	-2.31896
0.547852	-3.60556
0.54834	-3.65681
0.548828	-2.45913
0.549316	-0.428794
0.549805	1.73993
0.550293	3.30143
0.550781	3.71264
0.55127	2.83325
0.551758	0.971055
0.552246	-1.2361
0.552734	-3.03256
0.553223	-3.79376
0.553711	-3.25528
0.554199	-1.60906
0.554687	0.57892
0.555176	2.56071
0.555664	3.64857
0.556152	3.46668
0.556641	2.08245
0.557129	-0.0274388
0.557617	-2.14142
0.558105	-3.53046
0.558594	-3.71079
0.559082	-2.6222
0.55957	-0.645205
0.560059	1.5435
0.560547	3.1937
0.561035	3.73036
0.561523	2.97076
0.562012	1.1805
0.5625	-1.02692
0.562988	-2.89512
0.563477	-3.77593
0.563965	-3.36318
0.564453	-1.80466
0.564941	0.362211
0.56543	2.39662
0.565918	3.59557
0.566406	3.54241
0.566895	2.25959
0.567383	0.191672
0.567871	-1.95557
0.568359	-3.44341
0.568848	-3.75161
0.569336	-2.77693
0.569824	-0.860237
0.570312	1.34228
0.570801	3.07514
0.571289	3.73554
0.571777	3.09823
0.572266	1.38488
0.572754	-0.814458
0.573242	-2.74748
0.57373	-3.74574
0.574219	-3.45985
0.574707	-1.99504
0.575195	0.14398
0.575684	2.22428
0.576172	3.52912
0.57666	3.60561
0.577148	2.42905
0.577637	0.409021
0.578125	-1.76484
0.578613	-3.34427
0.579102	-3.78008
0.57959	-2.92211
0.580078	-1.07216
0.580566	1.1359
0.581055	2.94597
0.581543	3.72841
0.582031	3.21445
0.58252	1.5853
0.583008	-0.598985
0.583496	-2.59135
0.583984	-3.7024
0.584473	-3.54481
0.584961	-2.17777
0.585449	-0.0747263
0.585937	2.0455
0.586426	3.45249
0.586914	3.6568
0.587402	2.59016
0.587891	0.62455
0.588379	-1.56797
0.588867	-3.23502
0.589355	-3.79592
0.589844	-3.0583
0.590332	-1.28068
0.59082	0.926219
0.591309	2.80646
0.591797	3.70818
0.592285	3.31977
0.592773	1.78035
0.593262	-0.382161
0.59375	-2.42615
0.594238	-3.64679
0.594727	-3.61804
0.595215	-2.35397
0.595703	-0.293096
0.596191	1.85983
0.59668	3.36293
0.597168	3.69507
0.597656	2.74316
0.598145	0.839549
0.598633	-1.3645
0.599121	-3.11319
0.599609	-3.79832
0.600098	-3.18284
0.600586	-1.48402
0.601074	0.713679
0.601562	2.65713
0.602051	3.67554
0.602539	3.41406
0.603027	1.96814
0.603516	-0.16345
0.604004	-2.25332
0.604492	-3.57861
0.60498	-3.67873
0.605469	-2.52247
0.605957	-0.511125
0.606445	1.66599
0.606934	3.26182
0.607422	3.72054
0.60791	2.88582
0.608398	1.05059
0.608887	-1.15783
0.609375	-2.98166
0.609863	-3.78847
0.610352	-3.29735
0.61084	-1.68359
0.611328	0.497334
0.611816	2.49928
0.612305	3.62973
0.612793	3.49647
0.613281	2.14979
0.61377	0.0553295
0.614258	-2.07206
0.614746	-3.49879
0.615234	-3.72723
0.615723	-2.68186
0.616211	-0.72673
0.616699	1.46814
0.617187	3.14997
0.617676	3.73354
0.618164	3.01951
0.618652	1.25814
0.619141	-0.946849
0.619629	-2.84043
0.620117	-3.76608
0.620605	-3.40083
0.621094	-1.87728
0.621582	0.279835
0.62207	2.33223
0.622559	3.5718
0.623047	3.56703
0.623535	2.32423
0.624023	0.273684
0.624512	-1.88467
0.625	-3.40721
0.625488	-3.7636
0.625977	-2.83291
0.626465	-0.940638
0.626953	1.26484
0.627441	3.02702
0.62793	3.73419
0.628418	3.14273
0.628906	1.46137
0.629395	-0.733233
0.629883	-2.68955
0.630371	-3.73037
0.630859	-3.49293
0.631348	-2.06479
0.631836	0.0610288
0.632324	2.15789
0.632812	3.50189
0.633301	3.62619
0.633789	2.491
0.634277	0.491755
0.634766	-1.69034
0.635254	-3.3038
0.635742	-3.78722
0.63623	-2.97447
0.636719	-1.15162
0.637207	1.05674
0.637695	2.89387
0.638184	3.72207
0.638672	3.25511
0.63916	1.65952
0.639648	-0.517355
0.640137	-2.53009
0.640625	-3.68273
0.641113	-3.57381
0.641602	-2.24536
0.64209	-0.157958
0.642578	1.97676
0.643066	3.42009
0.643555	3.67204
0.644043	2.64922
0.644531	0.706623
0.64502	-1.49089
0.645508	-3.1896
0.645996	-3.79754
0.646484	-3.10614
0.646973	-1.35798
0.647461	0.846099
0.647949	2.75066
0.648437	3.69698
0.648926	3.35692
0.649414	1.85187
0.649902	-0.299145
0.650391	-2.36133
0.650879	-3.62199
0.651367	-3.6424
0.651855	-2.41852
0.652344	-0.375763
0.652832	1.78684
0.65332	3.32632
0.653809	3.70647
0.654297	2.79831
0.654785	0.919639
0.655273	-1.28674
0.655762	-3.06548
0.65625	-3.79646
0.656738	-3.22731
0.657227	-1.56076
0.657715	0.631274
0.658203	2.59836
0.658691	3.65959
0.65918	3.4468
0.659668	2.03824
0.660156	-0.080727
0.660645	-2.18536
0.661133	-3.55008
0.661621	-3.69886
0.662109	-2.58406
0.662598	-0.592861
0.663086	1.59233
0.663574	3.22128
0.664062	3.72741
0.664551	2.93798
0.665039	1.12957
0.665527	-1.07825
0.666016	-2.92963
0.666504	-3.78136
0.666992	-3.33798
0.66748	-1.75717
0.667969	0.415155
0.668457	2.43715
0.668945	3.60966
0.669434	3.52504
0.669922	2.21688
0.67041	0.138094
0.670898	-2.0019
0.671387	-3.46568
0.671875	-3.74298
0.672363	-2.74049
0.672852	-0.808206
0.67334	1.39158
0.673828	3.10482
0.674316	3.73561
0.674805	3.06748
0.675293	1.33534
0.675781	-0.865607
0.67627	-2.78419
0.676758	-3.75423
0.677246	-3.4372
0.677734	-1.94901
0.678223	0.197047
0.678711	2.26736
0.679199	3.54701
0.679687	3.59108
0.680176	2.38834
0.680664	0.355806
0.681152	-1.81177
0.681641	-3.36905
0.682129	-3.77414
0.682617	-2.88756
0.683105	-1.0207
0.683594	1.18698
0.684082	2.97739
0.68457	3.73064
0.685059	3.18705
0.685547	1.5368
0.686035	-0.6514
0.686523	-2.63005
0.687012	-3.71388
0.6875	-3.52524
0.687988	-2.13393
0.688477	-0.0218676
0.688965	2.08937
0.689453	3.47195
0.689941	3.64468
0.69043	2.55161
0.690918	0.572682
0.691406	-1.61562
0.691895	-3.26233
0.692383	-3.79278
0.692871	-3.02492
0.693359	-1.23025
0.693848	0.977336
0.694336	2.84066
0.694824	3.71411
0.695312	3.29496
0.695801	1.73305
0.696289	-0.434199
0.696777	-2.467
0.697266	-3.66086
0.697754	-3.60091
0.698242	-2.31112
0.69873	-0.24011
0.699219	1.9051
0.699707	3.38567
0.700195	3.68667
0.700684	2.70685
0.701172	0.787518
0.70166	-1.41413
0.702148	-3.14336
0.702637	-3.79866
0.703125	-3.15318
0.703613	-1.43518
0.704102	0.764902
0.70459	2.69341
0.705078	3.68404
0.705566	3.39192
0.706055	1.92277
0.706543	-0.216032
0.707031	-2.29569
0.70752	-3.59662
0.708008	-3.66516
0.708496	-2.48216
0.708984	-0.458273
0.709473	1.71502
0.709961	3.28728
0.710449	3.71562
0.710937	2.85216
0.711426	0.999921
0.711914	-1.20778
0.712402	-3.01473
0.712891	-3.79179
0.713379	-3.27001
0.713867	-1.63581
0.714355	0.549661
0.714844	2.53868
0.715332	3.64212
0.71582	3.47781
0.716309	2.10694
0.716797	0.00249464
0.717285	-2.11653
0.717773	-3.51979
0.718262	-3.71684
0.71875	-2.64409
0.719238	-0.674763
0.719727	1.51672
0.720215	3.17788
0.720703	3.73193
0.721191	2.98837
0.72168	1.20765
0.722168	-0.999016
0.722656	-2.87581
0.723145	-3.77287
0.723633	-3.37709
0.724121	-1.83094
0.724609	0.332169
0.725098	2.37343
0.725586	3.58703
0.726074	3.55043
0.726562	2.28305
0.727051	0.221059
0.727539	-1.93052
0.728027	-3.43048
0.728516	-3.75605
0.729004	-2.79716
0.729492	-0.889285
0.72998	1.31502
0.730469	3.058
0.730957	3.73566
0.731445	3.11413
0.731934	1.41237
0.732422	-0.784978
0.73291	-2.72698
0.733398	-3.74009
0.733887	-3.47199
0.734375	-2.01877
0.734863	0.114083
0.735352	2.20095
0.73584	3.51996
0.736328	3.61317
0.736816	2.45141
0.737305	0.43859
0.737793	-1.73826
0.738281	-3.33012
0.73877	-3.7834
0.739258	-2.9414
0.739746	-1.10044
0.740234	1.1078
0.740723	2.9272
0.741211	3.72634
0.741699	3.22885
0.742187	1.61175
0.742676	-0.56943
0.743164	-2.56944
0.743652	-3.69573
0.744141	-3.55533
0.744629	-2.20232
0.745117	-0.104284
0.745605	2.02051
0.746094	3.44127
0.746582	3.66199
0.74707	2.61159
0.747559	0.654953
0.748047	-1.53969
0.748535	-3.21827
0.749023	-3.79664
0.749512	-3.07516
0.75	-1.30833
0.750488	0.897472
0.750977	2.78691
0.751465	3.70488
0.751953	3.33314
0.752441	1.80588
0.75293	-0.35247
0.753418	-2.40251
0.753906	-3.63859
0.754395	-3.62708
0.754883	-2.37712
0.755371	-0.323112
0.755859	1.83341
0.756348	3.3502
0.756836	3.69953
0.757324	2.76282
0.757812	0.868424
0.758301	-1.33695
0.758789	-3.09603
0.759277	-3.79833
0.759766	-3.19893
0.760254	-1.51182
0.760742	0.683456
0.76123	2.6362
0.761719	3.67003
0.762207	3.42569
0.762695	1.99382
0.763184	-0.133208
0.763672	-2.2288
0.76416	-3.56835
0.764648	-3.68635
0.765137	-2.5446
0.765625	-0.540391
0.766113	1.6401
0.766602	3.24776
0.76709	3.72311
0.767578	2.90619
0.768066	1.07957
0.768555	-1.12923
0.769043	-2.96304
0.769531	-3.78613
0.77002	-3.31203
0.770508	-1.71056
0.770996	0.467814
0.771484	2.4765
0.771973	3.62269
0.772461	3.50699
0.772949	2.17415
0.773437	0.0853331
0.773926	-2.04693
0.774414	-3.48705
0.774902	-3.73337
0.775391	-2.70279
0.775879	-0.757468
0.776367	1.44025
0.776855	3.13391
0.777344	3.73444
0.777832	3.03697
0.77832	1.2859
0.778809	-0.917835
0.779297	-2.82044
0.779785	-3.76162
0.780273	-3.41416
0.780762	-1.90289
0.78125	0.249775
0.781738	2.30893
0.782227	3.56314
0.782715	3.57619
0.783203	2.34781
0.783691	0.303826
0.78418	-1.85888
0.784668	-3.39401
0.785156	-3.76731
0.785645	-2.85309
0.786133	-0.969475
0.786621	1.23664
0.787109	3.00935
0.787598	3.73351
0.788086	3.15871
0.788574	1.48861
0.789062	-0.703403
0.789551	-2.66843
0.790039	-3.72424
0.790527	-3.50522
0.791016	-2.08975
0.791504	0.0309044
0.791992	2.13371
0.79248	3.49043
0.792969	3.63232
0.793457	2.51353
0.793945	0.520516
0.794434	-1.66348
0.794922	-3.2892
0.79541	-3.78917
0.795898	-2.99314
0.796387	-1.17967
0.796875	1.02869
0.797363	2.87541
0.797852	3.71966
0.79834	3.27018
0.798828	1.68614
0.799316	-0.487066
0.799805	-2.50731
0.800293	-3.6749
0.800781	-3.58435
0.80127	-2.27027
0.801758	-0.187091
0.802246	1.95039
0.802734	3.40781
0.803223	3.67778
0.803711	2.67025
0.804199	0.73579
0.804687	-1.46361
0.805176	-3.1735
0.805664	-3.7986
0.806152	-3.12342
0.806641	-1.38634
0.807129	0.816567
0.807617	2.73052
0.808105	3.69281
0.808594	3.3695
0.809082	1.87746
0.80957	-0.269183
0.810059	-2.33793
0.810547	-3.61317
0.811035	-3.65094
0.811523	-2.44124
0.812012	-0.405125
0.8125	1.76066
0.812988	3.31259
0.813477	3.70988
0.813965	2.81807
0.814453	0.948972
0.814941	-1.2588
0.81543	-3.04675
0.815918	-3.79465
0.816406	-3.24288
0.816895	-1.58785
0.817383	0.602474
0.817871	2.57778
0.818359	3.65327
0.818848	3.45811
0.819336	2.06272
0.819824	-0.0506954
0.820312	-2.16062
0.820801	-3.53912
0.821289	-3.70564
0.821777	-2.6058
0.822266	-0.62286
0.822754	1.56488
0.823242	3.20542
0.82373	3.72912
0.824219	2.95594
0.824707	1.15779
0.825195	-1.0495
0.825684	-2.91036
0.826172	-3.7781
0.82666	-3.35216
0.827148	-1.78415
0.827637	0.385199
0.828125	2.41417
0.828613	3.60172
0.829102	3.5346
0.82959	2.24104
0.830078	0.168033
0.830566	-1.97607
0.831055	-3.45306
0.831543	-3.74728
0.832031	-2.76067
0.83252	-0.837237
0.833008	1.36425
0.833496	3.08834
0.833984	3.7356
0.834473	3.08338
0.834961	1.36372
0.835449	-0.837207
0.835937	-2.76393
0.836426	-3.74921
0.836914	-3.44996
0.837402	-1.97462
0.837891	0.167342
0.838379	2.24337
0.838867	3.53743
0.839355	3.59918
0.839844	2.41119
0.840332	0.385458
0.84082	-1.78536
0.841309	-3.35557
0.841797	-3.77771
0.842285	-2.90705
0.842773	-1.04852
0.843262	1.15811
0.84375	2.95993
0.844238	3.72988
0.844727	3.202
0.845215	1.56404
0.845703	-0.621994
0.846191	-2.60821
0.84668	-3.70756
0.847168	-3.53609
0.847656	-2.15868
0.848145	-0.0509382
0.848633	2.06551
0.849121	3.46125
0.849609	3.6516
0.850098	2.57369
0.850586	0.602531
0.851074	-1.58925
0.851562	-3.24644
0.852051	-3.79439
0.852539	-3.04356
0.853027	-1.25831
0.853516	0.9488
0.854004	2.82129
0.854492	3.71108
0.85498	3.30883
0.855469	1.75905
0.855957	-0.405189
0.856445	-2.44435
0.856934	-3.65344
0.857422	-3.61072
0.85791	-2.33552
0.858398	-0.270093
0.858887	1.87901
0.859375	3.37427
0.859863	3.69132
0.860352	2.72698
0.86084	0.816889
0.861328	-1.38647
0.861816	-3.1266
0.862305	-3.79878
0.862793	-3.16956
0.863281	-1.46248
0.86377	0.735602
0.864258	2.67386
0.864746	3.67937
0.865234	3.40445
0.865723	1.94871
0.866211	-0.186502
0.866699	-2.27163
0.867187	-3.5864
0.867676	-3.67319
0.868164	-2.50447
0.868652	-0.487698
0.869141	1.68748
0.869629	3.27344
0.870117	3.71866
0.870605	2.87167
0.871094	1.02839
0.871582	-1.17969
0.87207	-2.99614
0.872559	-3.79004
0.873047	-3.28608
0.873535	-1.66291
0.874023	0.52036
0.874512	2.51609
0.875	3.63526
0.875488	3.4882
0.875977	2.13148
0.876465	0.0319326
0.876953	-2.09169
0.877441	-3.50812
0.87793	-3.7231
0.878418	-2.6656
0.878906	-0.703989
0.879395	1.48927
0.879883	3.16271
0.880371	3.73358
0.880859	3.0058
0.881348	1.23627
0.881836	-0.969406
0.882324	-2.85604
0.882812	-3.76893
0.883301	-3.39039
0.883789	-1.85686
0.884277	0.30228
0.884766	2.35041
0.885254	3.57903
0.885742	3.56025
0.88623	2.30658
0.886719	0.25061
0.887207	-1.90494
0.887695	-3.41764
0.888184	-3.76031
0.888672	-2.81777
0.88916	-0.917934
0.889648	1.28624
0.890137	3.04007
0.890625	3.73511
0.891113	3.13003
0.891602	1.43983
0.89209	-0.756436
0.892578	-2.70583
0.893066	-3.73485
0.893555	-3.4842
0.894043	-2.04492
0.894531	0.0844672
0.89502	2.17685
0.895508	3.51012
0.895996	3.62047
0.896484	2.47347
0.896973	0.468166
0.897461	-1.71143
0.897949	-3.31563
0.898437	-3.78531
0.898926	-2.95963
0.899414	-1.12904
0.899902	1.07968
0.900391	2.90857
0.900879	3.72482
0.901367	3.24422
0.901855	1.63849
0.902344	-0.539963
0.902832	-2.54735
0.90332	-3.68823
0.903809	-3.56601
0.904297	-2.22677
0.904785	-0.134348
0.905273	1.99541
0.905762	3.42906
0.90625	3.66785
0.906738	2.63322
0.907227	0.683575
0.907715	-1.51274
0.908203	-3.20259
0.908691	-3.79712
0.90918	-3.09371
0.909668	-1.33698
0.910156	0.868529
0.910645	2.7662
0.911133	3.70054
0.911621	3.34614
0.912109	1.8313
0.912598	-0.322473
0.913086	-2.37947
0.913574	-3.62927
0.914062	-3.63555
0.914551	-2.40019
0.915039	-0.352934
0.915527	1.80756
0.916016	3.33683
0.916504	3.7032
0.916992	2.78276
0.91748	0.897747
0.917969	-1.30797
0.918457	-3.07869
0.918945	-3.79671
0.919434	-3.21486
0.919922	-1.53912
0.92041	0.654273
0.920898	2.61502
0.921387	3.66386
0.921875	3.43761
0.922363	2.0183
0.922852	-0.103973
0.92334	-2.20438
0.923828	-3.55836
0.924316	-3.69375
0.924805	-2.56654
0.925293	-0.570198
0.925781	1.6136
0.92627	3.2334
0.926758	3.72546
0.927246	2.9236
0.927734	1.10732
0.928223	-1.10064
0.928711	-2.94449
0.929199	-3.7837
0.929687	-3.32663
0.930176	-1.73681
0.930664	0.438342
0.931152	2.45472
0.931641	3.61523
0.932129	3.51725
0.932617	2.1986
0.933105	0.114926
0.933594	-2.02156
0.934082	-3.47564
0.93457	-3.73941
0.935059	-2.72375
0.935547	-0.78569
0.936035	1.41368
0.936523	3.11792
0.937012	3.73542
0.9375	3.0542
0.937988	1.31375
0.938477	-0.889201
0.938965	-2.801
0.939453	-3.75797
0.939941	-3.42704
0.94043	-1.92923
0.940918	0.220246
0.941406	2.28577
0.941895	3.55411
0.942383	3.58483
0.942871	2.3713
0.943359	0.332684
0.943848	-1.83226
0.944336	-3.38061
0.944824	-3.77144
0.945312	-2.8732
0.945801	-0.998158
0.946289	1.20895
0.946777	2.99246
0.947266	3.7329
0.947754	3.17448
0.948242	1.51562
0.94873	-0.674401
0.949219	-2.64691
0.949707	-3.71885
0.950195	-3.51616
0.950684	-2.11461
0.951172	0.00142495
0.95166	2.10925
0.952148	3.48097
0.952637	3.6399
0.953125	2.53508
0.953613	0.549996
0.954102	-1.63714
0.95459	-3.27406
0.955078	-3.79194
0.955566	-3.01147
0.956055	-1.20809
0.956543	1.00005
0.957031	2.85586
0.95752	3.71666
0.958008	3.28363
0.958496	1.71223
0.958984	-0.457997
0.959473	-2.48567
0.959961	-3.66728
0.960449	-3.59379
0.960937	-2.29305
0.961426	-0.217028
0.961914	1.92465
0.962402	3.39533
0.962891	3.68283
0.963379	2.69097
0.963867	0.764838
0.964355	-1.43577
0.964844	-3.15652
0.965332	-3.79868
0.96582	-3.13998
0.966309	-1.41334
0.966797	0.787661
0.967285	2.71044
0.967773	3.68776
0.968262	3.38217
0.96875	1.90311
0.969238	-0.239689
0.969727	-2.31435
0.970215	-3.60385
0.970703	-3.65874
0.971191	-2.46415
0.97168	-0.435145
0.972168	1.73424
0.972656	3.29833
0.973145	3.71261
0.973633	2.83712
0.974121	0.977103
0.974609	-1.23068
0.975098	-3.02911
0.975586	-3.79334
0.976074	-3.25971
0.976562	-1.6148
0.977051	0.572538
0.977539	2.5551
0.978027	3.64687
0.978516	3.46911
0.979004	2.08721
0.979492	-0.0211012
0.97998	-2.13611
0.980469	-3.52854
0.980957	-3.7116
0.981445	-2.62699
0.981934	-0.651537
0.982422	1.53823
0.98291	3.19042
0.983398	3.73063
0.983887	2.97417
0.984375	1.18533
0.984863	-1.02116
0.985352	-2.89093
0.98584	-3.77498
0.986328	-3.36587
0.986816	-1.81027
0.987305	0.35558
0.987793	2.39123
0.988281	3.5934
0.98877	3.54367
0.989258	2.26431
0.989746	0.197427
0.990234	-1.95074
0.990723	-3.44075
0.991211	-3.75249
0.991699	-2.7812
0.992187	-0.866223
0.992676	1.33496
0.993164	3.071
0.993652	3.73577
0.994141	3.10059
0.994629	1.3907
0.995117	-0.808309
0.995605	-2.74323
0.996094	-3.7441
0.996582	-3.4622
0.99707	-1.99957
0.997559	0.137874
0.998047	2.21999
0.998535	3.52821
0.999023	3.60709
0.999512	2.43405
1	0.41523
1.000488	-1.75891
1.000977	-3.34183
1.001465	-3.7805
1.001953	-2.92583
1.002441	-1.07803
1.00293	1.13027
1.003418	2.94165
1.003906	3.72844
1.004395	3.21638
1.004883	1.59056
1.005371	-0.592538
1.005859	-2.58686
1.006348	-3.70068
1.006836	-3.54681
1.007324	-2.18331
1.007812	-0.0812579
1.008301	2.04009
1.008789	3.44981
1.009277	3.65754
1.009766	2.59495
1.010254	0.631509
1.010742	-1.56157
1.01123	-3.23117
1.011719	-3.79579
1.012207	-3.0612
1.012695	-1.28631
1.013184	0.919871
1.013672	2.8025
1.01416	3.70764
1.014648	3.32282
1.015137	1.78549
1.015625	-0.375206
1.016113	-2.42132
1.016602	-3.64484
1.01709	-3.62011
1.017578	-2.35818
1.018066	-0.299136
1.018555	1.85373
1.019043	3.36052
1.019531	3.69602
1.02002	2.74736
1.020508	0.845553
1.020996	-1.35859
1.021484	-3.10969
1.021973	-3.79825
1.022461	-3.18617
1.022949	-1.49062
1.023437	0.707161
1.023926	2.65264
1.024414	3.67425
1.024902	3.41638
1.025391	1.97374
1.025879	-0.158338
1.026367	-2.24874
1.026855	-3.57669
1.027344	-3.68107
1.027832	-2.52686
1.02832	-0.517124
1.028809	1.6611
1.029297	3.25931
1.029785	3.72128
1.030273	2.89013
1.030762	1.05665
1.03125	-1.15162
1.031738	-2.97788
1.032227	-3.7882
1.032715	-3.30028
1.033203	-1.68913
1.033691	0.491282
1.03418	2.49428
1.034668	3.62835
1.035156	3.49901
1.035645	2.15505
1.036133	0.0616481
1.036621	-2.06692
1.037109	-3.4964
1.037598	-3.72914
1.038086	-2.68653
1.038574	-0.733452
1.039062	1.46263
1.039551	3.14659
1.040039	3.7343
1.040527	3.02303
1.041016	1.26396
1.041504	-0.941337
1.041992	-2.83624
1.04248	-3.76566
1.042969	-3.40488
1.043457	-1.88229
1.043945	0.273536
1.044434	2.3277
1.044922	3.57023
1.04541	3.56918
1.045898	2.32964
1.046387	0.280016
1.046875	-1.879
1.047363	-3.40423
1.047852	-3.76472
1.04834	-2.83707
1.048828	-0.94631
1.049316	1.25922
1.049805	3.02357
1.050293	3.7344
1.050781	3.14573
1.05127	1.4665
1.051758	-0.726868
1.052246	-2.68542
1.052734	-3.72935
1.053223	-3.4954
1.053711	-2.06956
1.054199	0.0551776
1.054687	2.15304
1.055176	3.49946
1.055664	3.62765
1.056152	2.49532
1.056641	0.497236
1.057129	-1.68551
1.057617	-3.30102
1.058105	-3.78787
1.058594	-2.97811
1.059082	-1.15766
1.05957	1.04998
1.060059	2.89012
1.060547	3.72119
1.061035	3.25823
1.061523	1.66458
1.062012	-0.510918
1.0625	-2.52512
1.062988	-3.68065
1.063477	-3.57572
1.063965	-2.2499
1.064453	-0.163564
1.064941	1.97114
1.06543	3.41749
1.065918	3.67324
1.066406	2.65341
1.066895	0.712504
1.067383	-1.48518
1.067871	-3.18536
1.068359	-3.79804
1.068848	-3.10915
1.069336	-1.36353
1.069824	0.839706
1.070312	2.74649
1.070801	3.69589
1.071289	3.35894
1.071777	1.85664
1.072266	-0.293331
1.072754	-2.35705
1.073242	-3.62016
1.07373	-3.64387
1.074219	-2.4232
1.074707	-0.381978
1.075195	1.78155
1.075684	3.32303
1.076172	3.70703
1.07666	2.80212
1.077148	0.925406
1.077637	-1.28124
1.078125	-3.06107
1.078613	-3.79597
1.079102	-3.23063
1.07959	-1.5658
1.080078	0.6255
1.080566	2.59416
1.081055	3.65861
1.081543	3.44898
1.082031	2.04281
1.08252	-0.0743291
1.083008	-2.18012
1.083496	-3.54765
1.083984	-3.69992
1.084473	-2.58846
1.084961	-0.59893
1.085449	1.58678
1.085937	3.21798
1.086426	3.72781
1.086914	2.9414
1.087402	1.13553
1.087891	-1.07281
1.088379	-2.92572
1.088867	-3.7807
1.089355	-3.34102
1.089844	-1.76333
1.090332	0.408732
1.09082	2.43238
1.091309	3.60781
1.091797	3.52682
1.092285	2.22193
1.092773	0.142547
1.093262	-1.99693
1.09375	-3.463
1.094238	-3.74398
1.094727	-2.74442
1.095215	-0.81369
1.095703	1.38653
1.096191	3.10152
1.09668	3.73607
1.097168	3.07118
1.097656	1.341
1.098145	-0.860102
1.098633	-2.78025
1.099121	-3.7532
1.099609	-3.43977
1.100098	-1.95401
1.100586	0.191271
1.101074	2.26195
1.101562	3.5452
1.102051	3.59297
1.102539	2.39308
1.103027	0.362304
1.103516	-1.80667
1.104004	-3.36705
1.104492	-3.77523
1.10498	-2.89188
1.105469	-1.02693
1.105957	1.18117
1.106445	2.97491
1.106934	3.73143
1.107422	3.18972
1.10791	1.54236
1.108398	-0.645924
1.108887	-2.62611
1.109375	-3.7139
1.109863	-3.52784
1.110352	-2.13896
1.11084	-0.0276322
1.111328	2.08505
1.111816	3.47014
1.112305	3.64668
1.112793	2.5566
1.113281	0.578592
1.11377	-1.61049
1.114258	-3.25934
1.114746	-3.79342
1.115234	-3.02948
1.115723	-1.23551
1.116211	0.972051
1.116699	2.83741
1.117187	3.71407
1.117676	3.29794
1.118164	1.73828
1.118652	-0.428712
1.119141	-2.46264
1.119629	-3.66017
1.120117	-3.60333
1.120605	-2.31682
1.121094	-0.246032
1.121582	1.90063
1.12207	3.38329
1.122559	3.68768
1.123047	2.71049
1.123535	0.793321
1.124023	-1.40922
1.124512	-3.14082
1.125	-3.79913
1.125488	-3.15682
1.125977	-1.44095
1.126465	0.759257
1.126953	2.69023
1.127441	3.68361
1.12793	3.3945
1.128418	1.9286
1.128906	-0.2106
1.129395	-2.29128
1.129883	-3.59429
1.130371	-3.66623
1.130859	-2.48636
1.131348	-0.463642
1.131836	1.70927
1.132324	3.28492
1.132812	3.71653
1.133301	2.85619
1.133789	1.0051
1.134277	-1.20284
1.134766	-3.01146
1.135254	-3.79167
1.135742	-3.27331
1.13623	-1.64076
1.136719	0.543927
1.137207	2.534
1.137695	3.64089
1.138184	3.47947
1.138672	2.11254
1.13916	0.00792298
1.139648	-2.11193
1.140137	-3.51704
1.140625	-3.71797
1.141113	-2.64817
1.141602	-0.680403
1.14209	1.51122
1.142578	3.17586
1.143066	3.73262
1.143555	2.99108
1.144043	1.21354
1.144531	-0.992885
1.14502	-2.87192
1.145508	-3.77156
1.145996	-3.3791
1.146484	-1.83542
1.146973	0.327012
1.147461	2.36888
1.147949	3.58552
1.148437	3.55314
1.148926	2.28737
1.149414	0.226402
1.149902	-1.92516
1.150391	-3.42803
1.150879	-3.7558
1.151367	-2.7999
1.151855	-0.894813
1.152344	1.3093
1.152832	3.05443
1.15332	3.7352
1.153809	3.11642
1.154297	1.41784
1.154785	-0.779264
1.155273	-2.72307
1.155762	-3.7388
1.15625	-3.47407
1.156738	-2.02406
1.157227	0.108434
1.157715	2.19598
1.158203	3.51759
1.158691	3.61423
1.15918	2.45501
1.159668	0.443153
1.160156	-1.73277
1.160645	-3.32733
1.161133	-3.78265
1.161621	-2.94444
1.162109	-1.10571
1.162598	1.10215
1.163086	2.92352
1.163574	3.72593
1.164062	3.2316
1.164551	1.61683
1.165039	-0.563423
1.165527	-2.56469
1.166016	-3.69351
1.166504	-3.55703
1.166992	-2.20647
1.16748	-0.110058
1.167969	2.01562
1.168457	3.43819
1.168945	3.66328
1.169434	2.61545
1.169922	0.660172
1.17041	-1.5346
1.170898	-3.2156
1.171387	-3.79654
1.171875	-3.07804
1.172363	-1.31357
1.172852	0.891589
1.17334	2.78207
1.173828	3.7033
1.174316	3.33515
1.174805	1.81055
1.175293	-0.346647
1.175781	-2.39824
1.17627	-3.63526
1.176758	-3.62879
1.177246	-2.38157
1.177734	-0.328729
1.178223	1.82862
1.178711	3.34708
1.179199	3.70027
1.179687	2.76681
1.180176	0.873757
1.180664	-1.33154
1.181152	-3.09248
1.181641	-3.79762
1.182129	-3.20197
1.182617	-1.51665
1.183105	0.678403
1.183594	2.63237
1.184082	3.66918
1.18457	3.429
1.185059	1.99799
1.185547	-0.127922
1.186035	-2.22427
1.186523	-3.56685
1.187012	-3.6884
1.1875	-2.54868
1.187988	-0.546084
1.188477	1.63483
1.188965	3.24506
1.189453	3.72402
1.189941	2.90876
1.19043	1.08432
1.190918	-1.12399
1.191406	-2.96032
1.191895	-3.78588
1.192383	-3.3152
1.192871	-1.71594
1.193359	0.462075
1.193848	2.47303
1.194336	3.62159
1.194824	3.50921
1.195312	2.17915
1.195801	0.0908536
1.196289	-2.04217
1.196777	-3.48506
1.197266	-3.73465
1.197754	-2.70701
1.198242	-0.761936
1.19873	1.4359
1.199219	3.13143
1.199707	3.73561
1.200195	3.04079
1.200684	1.29149
1.201172	-0.911696
1.20166	-2.81705
1.202148	-3.7614
1.202637	-3.41703
1.203125	-1.90826
1.203613	0.244783
1.204102	2.30477
1.20459	3.56205
1.205078	3.57803
1.205566	2.35247
1.206055	0.30902
1.206543	-1.8538
1.207031	-3.39161
1.20752	-3.7691
1.208008	-2.85682
1.208496	-0.975362
1.208984	1.23149
1.209473	3.00783
1.209961	3.73357
1.210449	3.16169
1.210937	1.49377
1.211426	-0.698489
1.211914	-2.66437
1.212402	-3.72371
1.212891	-3.50735
1.213379	-2.09439
1.213867	0.0260185
1.214355	2.12891
1.214844	3.48964
1.215332	3.63483
1.21582	2.5175
1.216309	0.526097
1.216797	-1.6587
1.217285	-3.28634
1.217773	-3.78944
1.218262	-2.99631
1.21875	-1.18482
1.219238	1.02318
1.219727	2.87173
1.220215	3.71913
1.220703	3.27219
1.221191	1.69076
1.22168	-0.481763
1.222168	-2.50366
1.222656	-3.67423
1.223145	-3.58585
1.223633	-2.27425
1.224121	-0.193024
1.224609	1.94571
1.225098	3.40551
1.225586	3.6782
1.226074	2.67435
1.226562	0.741272
1.227051	-1.45843
1.227539	-3.17031
1.228027	-3.79858
1.228516	-3.12591
1.229004	-1.3907
1.229492	0.811277
1.22998	2.72679
1.230469	3.69178
1.230957	3.37215
1.231445	1.88228
1.231934	-0.263994
1.232422	-2.333
1.23291	-3.61107
1.233398	-3.65178
1.233887	-2.44563
1.234375	-0.410283
1.234863	1.75599
1.235352	3.30945
1.23584	3.71017
1.236328	2.82143
1.236816	0.953854
1.237305	-1.25335
1.237793	-3.04336
1.238281	-3.79433
1.23877	-3.24606
1.239258	-1.59224
1.239746	0.596342
1.240234	2.57208
1.240723	3.6518
1.241211	3.45972
1.241699	2.06704
1.242187	-0.0450327
1.242676	-2.15694
1.243164	-3.53731
1.243652	-3.70604
1.244141	-2.60952
1.244629	-0.628007
1.245117	1.56034
1.245605	3.20268
1.246094	3.72898
1.246582	2.95932
1.24707	1.16311
1.247559	-1.04407
1.248047	-2.90644
1.248535	-3.77735
1.249023	-3.35437
1.249512	-1.78856
1.25	0.379961
1.250488	2.41
1.250977	3.59971
1.251465	3.53621
1.251953	2.24521
1.252441	0.173388
1.25293	-1.97123
1.253418	-3.45062
1.253906	-3.74829
1.254395	-2.76447
1.254883	-0.842827
1.255371	1.35819
1.255859	3.08447
1.256348	3.73576
1.256836	3.08751
1.257324	1.36819
1.257812	-0.83159
1.258301	-2.76016
1.258789	-3.74813
1.259277	-3.45209
1.259766	-1.9796
1.260254	0.161678
1.260742	2.2388
1.26123	3.53546
1.261719	3.60012
1.262207	2.41528
1.262695	0.391582
1.263184	-1.78037
1.263672	-3.35252
1.26416	-3.77802
1.264648	-2.91039
1.265137	-1.05452
1.265625	1.15338
1.266113	2.95646
1.266602	3.72963
1.26709	3.2048
1.267578	1.56947
1.268066	-0.615823
1.268555	-2.60446
1.269043	-3.70593
1.269531	-3.5382
1.27002	-2.16303
1.270508	-0.0571019
1.270996	2.06037
1.271484	3.45903
1.271973	3.65309
1.272461	2.57761
1.272949	0.607686
1.273437	-1.58356
1.273926	-3.24419
1.274414	-3.7948
1.274902	-3.04708
1.275391	-1.26343
1.275879	0.942578
1.276367	2.81701
1.276855	3.71066
1.277344	3.31121
1.277832	1.76427
1.27832	-0.399555
1.278809	-2.43993
1.279297	-3.65184
1.279785	-3.61233
1.280273	-2.34036
1.280762	-0.275532
1.28125	1.87509
1.281738	3.37081
1.282227	3.69254
1.282715	2.73145
1.283203	0.822377
1.283691	-1.38137
1.28418	-3.12373
1.284668	-3.7987
1.285156	-3.17324
1.285645	-1.46801
1.286133	0.730395
1.286621	2.66988
1.287109	3.67889
1.287598	3.40637
1.288086	1.95351
1.288574	-0.181311
1.289062	-2.26772
1.289551	-3.58536
1.290039	-3.67464
1.290527	-2.50882
1.291016	-0.493638
1.291504	1.68261
1.291992	3.27092
1.29248	3.71972
1.292969	2.87572
1.293457	1.0334
1.293945	-1.17485
1.294434	-2.99343
1.294922	-3.78997
1.29541	-3.28853
1.295898	-1.66791
1.296387	0.514898
1.296875	2.51334
1.297363	3.63434
1.297852	3.49085
1.29834	2.13532
1.298828	0.0375324
1.299316	-2.08706
1.299805	-3.50585
1.300293	-3.72423
1.300781	-2.66913
1.30127	-0.708834
1.301758	1.48457
1.302246	3.15988
1.302734	3.73367
1.303223	3.00946
1.303711	1.24152
1.304199	-0.964049
1.304687	-2.85298
1.305176	-3.76887
1.305664	-3.39295
1.306152	-1.86191
1.306641	0.297876
1.307129	2.34642
1.307617	3.57722
1.308105	3.56214
1.308594	2.31052
1.309082	0.256072
1.30957	-1.89922
1.310059	-3.41524
1.310547	-3.76139
1.311035	-2.821
1.311523	-0.923289
1.312012	1.28181
1.3125	3.03748
1.312988	3.73489
1.313477	3.13328
1.313965	1.44519
1.314453	-0.750827
1.314941	-2.70169
1.31543	-3.73312
1.315918	-3.48596
1.316406	-2.04947
1.316895	0.0792268
1.317383	2.17259
1.317871	3.50646
1.318359	3.62191
1.318848	2.47772
1.319336	0.473457
1.319824	-1.7068
1.320312	-3.31252
1.320801	-3.78556
1.321289	-2.96333
1.321777	-1.1337
1.322266	1.07394
1.322754	2.90488
1.323242	3.72337
1.32373	3.24604
1.324219	1.6429
1.324707	-0.534941
1.325195	-2.54316
1.325684	-3.68695
1.326172	-3.56703
1.32666	-2.23067
1.327148	-0.139743
1.327637	1.99093
1.328125	3.42671
1.328613	3.66872
1.329102	2.63642
1.32959	0.689607
1.330078	-1.50739
1.330566	-3.19921
1.331055	-3.79716
1.331543	-3.09514
1.332031	-1.34128
1.33252	0.863591
1.333008	2.76283
1.333496	3.69943
1.333984	3.34832
1.334473	1.83659
1.334961	-0.316877
1.335449	-2.3754
1.335937	-3.62731
1.336426	-3.63674
1.336914	-2.40432
1.337402	-0.358074
1.337891	1.80273
1.338379	3.33372
1.338867	3.70365
1.339355	2.78615
1.339844	0.902426
1.340332	-1.30345
1.34082	-3.07564
1.341309	-3.79658
1.341797	-3.21768
1.342285	-1.54352
1.342773	0.647901
1.343262	2.61101
1.34375	3.66294
1.344238	3.43902
1.344727	2.02263
1.345215	-0.0985754
1.345703	-2.19994
1.346191	-3.55622
1.34668	-3.69407
1.347168	-2.57006
1.347656	-0.574943
1.348145	1.60831
1.348633	3.22978
1.349121	3.72596
1.349609	2.92679
1.350098	1.11262
1.350586	-1.09572
1.351074	-2.94006
1.351562	-3.78264
1.352051	-3.32908
1.352539	-1.74148
1.353027	0.432872
1.353516	2.45062
1.354004	3.61402
1.354492	3.51877
1.35498	2.20214
1.355469	0.120141
1.355957	-2.0167
1.356445	-3.4733
1.356934	-3.7399
1.357422	-2.72779
1.35791	-0.790519
1.358398	1.40822
1.358887	3.11492
1.359375	3.73433
1.359863	3.05653
1.360352	1.31902
1.36084	-0.883904
1.361328	-2.79688
1.361816	-3.75667
1.362305	-3.42936
1.362793	-1.93342
1.363281	0.215121
1.36377	2.28161
1.364258	3.55269
1.364746	3.58601
1.365234	2.37475
1.365723	0.338354
1.366211	-1.82767
1.366699	-3.37777
1.367187	-3.77179
1.367676	-2.8763
1.368164	-1.00396
1.368652	1.20409
1.369141	2.98888
1.369629	3.73247
1.370117	3.17737
1.370605	1.5204
1.371094	-0.669626
1.371582	-2.6435
1.37207	-3.71848
1.372559	-3.51888
1.373047	-2.11911
1.373535	-0.00409309
1.374023	2.10472
1.374512	3.47897
1.375	3.64116
1.375488	2.53895
1.375977	0.554676
1.376465	-1.63264
1.376953	-3.2716
1.377441	-3.79238
1.37793	-3.0146
1.378418	-1.21335
1.378906	0.994695
1.379395	2.8531
1.379883	3.71652
1.380371	3.28657
1.380859	1.71686
1.381348	-0.452571
1.381836	-2.48128
1.382324	-3.66615
1.382812	-3.59534
1.383301	-2.2975
1.383789	-0.222161
1.384277	1.92078
1.384766	3.39347
1.385254	3.68406
1.385742	2.69462
1.38623	0.77023
1.386719	-1.43118
1.387207	-3.15386
1.387695	-3.79923
1.388184	-3.14318
1.388672	-1.41818
1.38916	0.782372
1.389648	2.70668
1.390137	3.687
1.390625	3.38473
1.391113	1.90744
1.391602	-0.234412
1.39209	-2.31036
1.392578	-3.60197
1.393066	-3.65996
1.393555	-2.46846
1.394043	-0.440492
1.394531	1.72978
1.39502	3.29611
1.395508	3.71359
1.395996	2.84092
1.396484	0.982286
1.396973	-1.22579
1.397461	-3.02603
1.397949	-3.7931
1.398437	-3.26098
1.398926	-1.61931
1.399414	0.567847
1.399902	2.55173
1.400391	3.64625
1.400879	3.47105
1.401367	2.09141
1.401855	-0.015798
1.402344	-2.13176
1.402832	-3.52605
1.40332	-3.71302
1.403809	-2.63109
1.404297	-0.656774
1.404785	1.53287
1.405273	3.18749
1.405762	3.73117
1.40625	2.97703
1.406738	1.1905
1.407227	-1.01616
1.407715	-2.88756
1.408203	-3.77482
1.408691	-3.36835
1.40918	-1.81509
1.409668	0.349499
1.410156	2.38767
1.410645	3.59209
1.411133	3.54563
1.411621	2.2683
1.412109	0.202488
1.412598	-1.94613
1.413086	-3.43804
1.413574	-3.75318
1.414062	-2.78486
1.414551	-0.871247
1.415039	1.33145
1.415527	3.06833
1.416016	3.73575
1.416504	3.10372
1.416992	1.39581
1.41748	-0.803176
1.417969	-2.74022
1.418457	-3.7429
1.418945	-3.46421
1.419434	-2.00422
1.419922	0.132565
1.42041	2.21521
1.420898	3.5258
1.421387	3.608
1.421875	2.43769
1.422363	0.419507
1.422852	-1.75422
1.42334	-3.33938
1.423828	-3.78125
1.424316	-2.92942
1.424805	-1.08298
1.425293	1.12511
1.425781	2.9383
1.42627	3.72798
1.426758	3.21953
1.427246	1.59526
1.427734	-0.587511
1.428223	-2.5828
1.428711	-3.69952
1.429199	-3.54862
1.429687	-2.1869
1.430176	-0.0860053
1.430664	2.03566
1.431152	3.44788
1.431641	3.65848
1.432129	2.59886
1.432617	0.636791
1.433105	-1.55656
1.433594	-3.228
1.434082	-3.79566
1.43457	-3.06392
1.435059	-1.29112
1.435547	0.915156
1.436035	2.79856
1.436523	3.70677
1.437012	3.32428
1.4375	1.78924
1.437988	-0.370923
1.438477	-2.41669
1.438965	-3.64351
1.439453	-3.62131
1.439941	-2.36319
1.44043	-0.305132
1.440918	1.84924
1.441406	3.3577
1.441895	3.69637
1.442383	2.75069
1.442871	0.849562
1.443359	-1.35403
1.443848	-3.10668
1.444336	-3.79829
1.444824	-3.18885
1.445312	-1.49493
1.445801	0.701546
1.446289	2.64928
1.446777	3.67339
1.447266	3.41846
1.447754	1.97824
1.448242	-0.151772
1.44873	-2.24366
1.449219	-3.57446
1.449707	-3.6814
1.450195	-2.53044
1.450684	-0.52241
1.451172	1.65747
1.45166	3.25645
1.452148	3.72188
1.452637	2.89348
1.453125	1.0619
1.453613	-1.14723
1.454102	-2.97442
1.45459	-3.78749
1.455078	-3.30351
1.455566	-1.69401
1.456055	0.485814
1.456543	2.49037
1.457031	3.62683
1.45752	3.50069
1.458008	2.15919
1.458496	0.0668489
1.458984	-2.06266
1.459473	-3.4941
1.459961	-3.72991
1.460449	-2.69043
1.460937	-0.738421
1.461426	1.45768
1.461914	3.14395
1.462402	3.73437
1.462891	3.02641
1.463379	1.26893
1.463867	-0.93564
1.464355	-2.83281
1.464844	-3.76402
1.465332	-3.40554
1.46582	-1.88729
1.466309	0.268448
1.466797	2.32349
1.467285	3.56896
1.467773	3.57032
1.468262	2.33359
1.46875	0.285355
1.469238	-1.87433
1.469727	-3.40217
1.470215	-3.76544
1.470703	-2.84105
1.471191	-0.952087
1.47168	1.25415
1.472168	3.0204
1.472656	3.73414
1.473145	3.14927
1.473633	1.47197
1.474121	-0.722049
1.474609	-2.68178
1.475098	-3.72858
1.475586	-3.49774
1.476074	-2.07475
1.476562	0.0496198
1.477051	2.14854
1.477539	3.49783
1.478027	3.62905
1.478516	2.49957
1.479004	0.502633
1.479492	-1.68024
1.47998	-3.29835
1.480469	-3.78813
1.480957	-2.98167
1.481445	-1.16188
1.481934	1.04573
1.482422	2.88695
1.48291	3.72137
1.483398	3.26112
1.483887	1.66965
1.484375	-0.50466
1.484863	-2.52064
1.485352	-3.67987
1.48584	-3.57762
1.486328	-2.25476
1.486816	-0.169137
1.487305	1.96562
1.487793	3.41517
1.488281	3.6744
1.48877	2.65751
1.489258	0.717778
1.489746	-1.4805
1.490234	-3.18325
1.490723	-3.79834
1.491211	-3.11298
1.491699	-1.36895
1.492187	0.834405
1.492676	2.74338
1.493164	3.69621
1.493652	3.36156
1.494141	1.86193
1.494629	-0.287829
1.495117	-2.35181
1.495605	-3.61825
1.496094	-3.64578
1.496582	-2.42752
1.49707	-0.387689
1.497559	1.77695
1.498047	3.32082
1.498535	3.70733
1.499023	2.80639
1.499512	0.931245
1.5	-1.27539
1.500488	-3.05784
1.500977	-3.795
1.501465	-3.23288
1.501953	-1.57113
1.502441	0.620237
1.50293	2.58965
1.503418	3.65718
1.503906	3.45097
1.504395	2.04748
1.504883	-0.0688714
1.505371	-2.17559
1.505859	-3.54532
1.506348	-3.70135
1.506836	-2.59257
1.507324	-0.604737
1.507812	1.58126
1.508301	3.2148
1.508789	3.72751
1.509277	2.94534
1.509766	1.1412
1.510254	-1.06717
1.510742	-2.92196
1.51123	-3.78017
1.511719	-3.34361
1.512207	-1.76837
1.512695	0.403471
1.513184	2.42794
1.513672	3.60654
1.51416	3.52888
1.514648	2.22643
1.515137	0.15031
1.515625	-1.99132
1.516113	-3.46025
1.516602	-3.74448
1.51709	-2.74836
1.517578	-0.819654
1.518066	1.38118
1.518555	3.09809
1.519043	3.73561
1.519531	3.07436
1.52002	1.34668
1.520508	-0.854614
1.520996	-2.77637
1.521484	-3.75181
1.521973	-3.44248
1.522461	-1.95945
1.522949	0.184784
1.523437	2.25818
1.523926	3.54298
1.524414	3.59411
1.524902	2.39764
1.525391	0.368033
1.525879	-1.80123
1.526367	-3.36369
1.526855	-3.77549
1.527344	-2.8955
1.527832	-1.03236
1.52832	1.17528
1.528809	2.97073
1.529297	3.73075
1.529785	3.19283
1.530273	1.54738
1.530762	-0.63961
1.53125	-2.62146
1.531738	-3.71147
1.532227	-3.52948
1.532715	-2.14352
1.533203	-0.0335628
1.533691	2.08008
1.53418	3.46783
1.534668	3.64659
1.535156	2.56094
1.535645	0.584868
1.536133	-1.60472
1.536621	-3.25606
1.537109	-3.7933
1.537598	-3.03295
1.538086	-1.24133
1.538574	0.965484
1.539062	2.83273
1.539551	3.7132
1.540039	3.2997
1.540527	1.74327
1.541016	-0.423002
1.541504	-2.45797
1.541992	-3.65809
1.54248	-3.60531
1.542969	-2.32169
1.543457	-0.252179
1.543945	1.89474
1.544434	3.38073
1.544922	3.68858
1.54541	2.71463
1.545898	0.799447
1.546387	-1.40308
1.546875	-3.13666
1.547363	-3.79919
1.547852	-3.16011
1.54834	-1.44624
1.548828	0.753291
1.549316	2.6863
1.549805	3.68278
1.550293	3.39724
1.550781	1.93356
1.55127	-0.203473
1.551758	-2.28607
1.552246	-3.59247
1.552734	-3.66831
1.553223	-2.4914
1.553711	-0.470185
1.554199	1.70329
1.554687	3.28183
1.555176	3.71663
1.555664	2.85965
1.556152	1.01139
1.556641	-1.19745
1.557129	-3.00794
1.557617	-3.79144
1.558105	-3.27684
1.558594	-1.64673
1.559082	0.53783
1.55957	2.53022
1.560059	3.63932
1.560547	3.48218
1.561035	2.11654
1.561523	0.0142941
1.562012	-2.10663
1.5625	-3.51473
1.562988	-3.71923
1.563477	-2.65295
1.563965	-0.686801
1.564453	1.50604
1.564941	3.17183
1.56543	3.7327
1.565918	2.99583
1.566406	1.21954
1.566895	-0.986439
1.567383	-2.86803
1.567871	-3.77004
1.568359	-3.38231
1.568848	-1.84144
1.569336	0.320506
1.569824	2.36447
1.570312	3.58353
1.570801	3.5549
1.571289	2.29258
1.571777	0.233131
1.572266	-1.92033
1.572754	-3.42528
1.573242	-3.75807
1.57373	-2.80571
1.574219	-0.900976
1.574707	1.30322
1.575195	3.0507
1.575684	3.73539
1.576172	3.11948
1.57666	1.42314
1.577148	-0.773292
1.577637	-2.71866
1.578125	-3.73789
1.578613	-3.47683
1.579102	-2.02995
1.57959	0.102222
1.580078	2.19135
1.580566	3.51582
1.581055	3.61608
1.581543	2.46058
1.582031	0.450831
1.58252	-1.72695
1.583008	-3.32404
1.583496	-3.78347
1.583984	-2.94869
1.584473	-1.11181
1.584961	1.09648
1.585449	2.91964
1.585937	3.72517
1.586426	3.23514
1.586914	1.62203
1.587402	-0.557648
1.587891	-2.55918
1.588379	-3.69246
1.588867	-3.55928
1.589355	-2.21215
1.589844	-0.11719
1.590332	2.00971
1.59082	3.43567
1.591309	3.66431
1.591797	2.6201
1.592285	0.66653
1.592773	-1.52942
1.593262	-3.21223
1.59375	-3.79658
1.594238	-3.0823
1.594727	-1.31964
1.595215	0.885304
1.595703	2.77826
1.596191	3.70274
1.59668	3.33841
1.597168	1.81594
1.597656	-0.339721
1.598145	-2.39336
1.598633	-3.63463
1.599121	-3.62997
1.599609	-2.38633
1.600098	-0.334918
1.600586	1.82267
1.601074	3.34451
1.601562	3.7008
1.602051	2.77096
1.602539	0.880321
1.603027	-1.32521
1.603516	-3.08847
1.604004	-3.7968
1.604492	-3.20513
1.60498	-1.52293
1.605469	0.671734
1.605957	2.62737
1.606445	3.66719
1.606934	3.43078
1.607422	2.0036
1.60791	-0.121593
1.608398	-2.21876
1.608887	-3.564
1.609375	-3.68941
1.609863	-2.55365
1.610352	-0.552514
1.61084	1.62866
1.611328	3.24114
1.611816	3.72424
1.612305	2.91272
1.612793	1.0909
1.613281	-1.11691
1.61377	-2.95531
1.614258	-3.78505
1.614746	-3.3178
1.615234	-1.72058
1.615723	0.45551
1.616211	2.4677
1.616699	3.6198
1.617187	3.51121
1.617676	2.18445
1.618164	0.0978269
1.618652	-2.03654
1.619141	-3.48198
1.619629	-3.73549
1.620117	-2.71183
1.620605	-0.768359
1.621094	1.42941
1.621582	3.12718
1.62207	3.73503
1.622559	3.04425
1.623047	1.29751
1.623535	-0.905879
1.624023	-2.81232
1.624512	-3.76008
1.625	-3.41974
1.625488	-1.91431
1.625977	0.238362
1.626465	2.30044
1.626953	3.55916
1.627441	3.57992
1.62793	2.35708
1.628418	0.315736
1.628906	-1.84743
1.629395	-3.38818
1.629883	-3.76922
1.630371	-2.86119
1.630859	-0.981312
1.631348	1.22514
1.631836	3.00254
1.632324	3.73372
1.632812	3.16562
1.633301	1.50007
1.633789	-0.691372
1.634277	-2.66003
1.634766	-3.72308
1.635254	-3.50963
1.635742	-2.10017
1.63623	0.0189499
1.636719	2.12336
1.637207	3.48748
1.637695	3.63616
1.638184	2.5224
1.638672	0.533224
1.63916	-1.65258
1.639648	-3.28302
1.640137	-3.79094
1.640625	-3.00133
1.641113	-1.19186
1.641602	1.01663
1.64209	2.867
1.642578	3.71882
1.643066	3.27709
1.643555	1.69674
1.644043	-0.474944
1.644531	-2.49814
1.64502	-3.67213
1.645508	-3.58778
1.645996	-2.27928
1.646484	-0.199918
1.646973	1.94005
1.647461	3.40292
1.647949	3.68033
1.648437	2.679
1.648926	0.7484
1.649414	-1.45167
1.649902	-3.16631
1.650391	-3.79884
1.650879	-3.13019
1.651367	-1.39697
1.651855	0.804264
1.652344	2.72235
1.652832	3.69113
1.65332	3.37504
1.653809	1.88822
1.654297	-0.257019
1.654785	-2.32809
1.655273	-3.60925
1.655762	-3.65441
1.65625	-2.45156
1.656738	-0.418227
1.657227	1.74958
1.657715	3.30643
1.658203	3.71112
1.658691	2.82609
1.65918	0.960566
1.659668	-1.24706
1.660156	-3.03923
1.660645	-3.79426
1.661133	-3.24973
1.661621	-1.59913
1.662109	0.590049
1.662598	2.56774
1.663086	3.65075
1.663574	3.46316
1.664062	2.07335
1.664551	-0.038041
1.665039	-2.15032
1.665527	-3.53445
1.666016	-3.70793
1.666504	-2.61454
1.666992	-0.634735
1.66748	1.55355
1.667969	3.19967
1.668457	3.72975
1.668945	2.96372
1.669434	1.16999
1.669922	-1.03733
1.67041	-2.90207
1.670898	-3.77683
1.671387	-3.35811
1.671875	-1.79523
1.672363	0.372799
1.672852	2.40443
1.67334	3.59829
1.673828	3.53856
1.674316	2.25074
1.674805	0.180319
1.675293	-1.96541
1.675781	-3.44747
1.67627	-3.74842
1.676758	-2.76942
1.677246	-0.85
1.677734	1.35224
1.678223	3.08067
1.678711	3.73586
1.679199	3.09134
1.679687	1.37523
1.680176	-0.82445
1.680664	-2.75492
1.681152	-3.74684
1.681641	-3.45466
1.682129	-1.9848
1.682617	0.154604
1.683105	2.23324
1.683594	3.5332
1.684082	3.60258
1.68457	2.42129
1.685059	0.39879
1.685547	-1.77381
1.686035	-3.349
1.686523	-3.77863
1.687012	-2.91496
1.6875	-1.06204
1.687988	1.14649
1.688477	2.95249
1.688965	3.72846
1.689453	3.20854
1.689941	1.57519
1.69043	-0.609596
1.690918	-2.59908
1.691406	-3.70451
1.691895	-3.54073
1.692383	-2.16955
1.692871	-0.0635212
1.693359	2.05456
1.693848	3.45599
1.694336	3.65415
1.694824	2.5829
1.695312	0.615
1.695801	-1.57682
1.696289	-3.23957
1.696777	-3.79543
1.697266	-3.05112
1.697754	-1.27044
1.698242	0.936632
1.69873	2.81365
1.699219	3.7097
1.699707	3.31491
1.700195	1.77058
1.700684	-0.391996
1.701172	-2.43372
1.70166	-3.64936
1.702148	-3.61469
1.702637	-2.34533
1.703125	-0.283066
1.703613	1.86848
1.704102	3.36726
1.70459	3.69345
1.705078	2.73561
1.705566	0.828851
1.706055	-1.37438
1.706543	-3.11973
1.707031	-3.79833
1.70752	-3.17726
1.708008	-1.47509
1.708496	0.72295
1.708984	2.66453
1.709473	3.67655
1.709961	3.40945
1.710449	1.95944
1.710937	-0.173967
1.711426	-2.26142
1.711914	-3.58228
1.712402	-3.67637
1.712891	-2.51433
1.713379	-0.500566
1.713867	1.67693
1.714355	3.26733
1.714844	3.72027
1.715332	2.88046
1.71582	1.04093
1.716309	-1.16727
1.716797	-2.98848
1.717285	-3.78932
1.717773	-3.2924
1.718262	-1.67464
1.71875	0.507383
1.719238	2.507
1.719727	3.63248
1.720215	3.49338
1.720703	2.14184
1.721191	0.045811
1.72168	-2.0805
1.722168	-3.50336
1.722656	-3.72567
1.723145	-2.67484
1.723633	-0.717094
1.724121	1.47766
1.724609	3.15551
1.725098	3.73367
1.725586	3.01343
1.726074	1.24906
1.726562	-0.956506
1.727051	-2.84791
1.727539	-3.76718
1.728027	-3.39671
1.728516	-1.86825
1.729004	0.290126
1.729492	2.34069
1.72998	3.575
1.730469	3.56438
1.730957	2.31673
1.731445	0.263629
1.731934	-1.89343
1.732422	-3.41152
1.73291	-3.76219
1.733398	-2.82594
1.733887	-0.930602
1.734375	1.27441
1.734863	3.03295
1.735352	3.73498
1.73584	3.13732
1.736328	1.45191
1.736816	-0.742846
1.737305	-2.69671
1.737793	-3.73254
1.738281	-3.48934
1.73877	-2.05617
1.739258	0.0710251
1.739746	2.16597
1.740234	3.50453
1.740723	3.62342
1.741211	2.48337
1.741699	0.481274
1.742187	-1.70002
1.742676	-3.30834
1.743164	-3.78516
1.743652	-2.96858
1.744141	-1.14135
1.744629	1.06653
1.745117	2.90046
1.745605	3.72273
1.746094	3.25081
1.746582	1.65074
1.74707	-0.526791
1.747559	-2.53725
1.748047	-3.68489
1.748535	-3.56978
1.749023	-2.23679
1.749512	-0.147368
1.75	1.98434
1.750488	3.42375
1.750977	3.6709
1.751465	2.64279
1.751953	0.696895
1.752441	-1.50001
1.75293	-3.1951
1.753418	-3.79771
1.753906	-3.1002
1.754395	-1.34845
1.754883	0.855236
1.755371	2.75738
1.755859	3.6983
1.756348	3.35179
1.756836	1.84334
1.757324	-0.309275
1.757812	-2.36931
1.758301	-3.62516
1.758789	-3.63909
1.759277	-2.4111
1.759766	-0.367064
1.760254	1.79578
1.760742	3.33005
1.76123	3.70468
1.761719	2.79178
1.762207	0.910446
1.762695	-1.29606
1.763184	-3.07031
1.763672	-3.7962
1.76416	-3.22191
1.764648	-1.55099
1.765137	0.641141
1.765625	2.60517
1.766113	3.66148
1.766602	3.44284
1.76709	2.0296
1.767578	-0.090115
1.768066	-2.19224
1.768555	-3.55324
1.769043	-3.69627
1.769531	-2.57617
1.77002	-0.583312
1.770508	1.60113
1.770996	3.22572
1.771484	3.7265
1.771973	2.93159
1.772461	1.12058
1.772949	-1.08772
1.773437	-2.93621
1.773926	-3.78235
1.774414	-3.33326
1.774902	-1.74906
1.775391	0.424424
1.775879	2.44456
1.776367	3.6123
1.776855	3.52144
1.777344	2.20923
1.777832	0.128498
1.77832	-2.01013
1.778809	-3.46919
1.779297	-3.74081
1.779785	-2.73348
1.780273	-0.798707
1.780762	1.40074
1.78125	3.11031
1.781738	3.73567
1.782227	3.06222
1.782715	1.32677
1.783203	-0.875693
1.783691	-2.79103
1.78418	-3.75543
1.784668	-3.43343
1.785156	-1.94075
1.785645	0.206759
1.786133	2.27485
1.786621	3.55016
1.787109	3.58856
1.787598	2.38129
1.788086	0.346592
1.788574	-1.82021
1.789062	-3.37395
1.789551	-3.77338
1.790039	-2.88174
1.790527	-1.01196
1.791016	1.19584
1.791504	2.98388
1.791992	3.73203
1.79248	3.18163
1.792969	1.52926
1.793457	-0.661151
1.793945	-2.63741
1.794434	-3.71613
1.794922	-3.5218
1.79541	-2.12609
1.795898	-0.0118152
1.796387	2.09781
1.796875	3.47634
1.797363	3.64327
1.797852	2.54486
1.79834	0.563689
1.798828	-1.62447
1.799316	-3.26685
1.799805	-3.79243
1.800293	-3.01979
1.800781	-1.22095
1.80127	0.986059
1.801758	2.84709
1.802246	3.71566
1.802734	3.29066
1.803223	1.72463
1.803711	-0.444238
1.804199	-2.47423
1.804687	-3.66436
1.805176	-3.59824
1.805664	-2.30418
1.806152	-0.230853
1.806641	1.91347
1.807129	3.39016
1.807617	3.68499
1.808105	2.70024
1.808594	0.778323
1.809082	-1.42299
1.80957	-3.15053
1.810059	-3.79898
1.810547	-3.14786
1.811035	-1.42659
1.811523	0.774388
1.812012	2.701
1.8125	3.68614
1.812988	3.38804
1.813477	1.91514
1.813965	-0.226229
1.814453	-2.30339
1.814941	-3.59909
1.81543	-3.66242
1.815918	-2.47472
1.816406	-0.448689
1.816895	1.72241
1.817383	3.29215
1.817871	3.71505
1.818359	2.84636
1.818848	0.990332
1.819336	-1.21713
1.819824	-3.02056
1.820312	-3.79251
1.820801	-3.26561
1.821289	-1.62703
1.821777	0.559293
1.822266	2.54456
1.822754	3.64384
1.823242	3.47413
1.82373	2.09874
1.824219	-0.0074974
1.824707	-2.12457
1.825195	-3.52299
1.825684	-3.71472
1.826172	-2.63691
1.82666	-0.665354
1.827148	1.52554
1.827637	3.18289
1.828125	3.73121
1.828613	2.9824
1.829102	1.19914
1.82959	-1.00768
1.830078	-2.88179
1.830566	-3.77398
1.831055	-3.37234
1.831543	-1.82222
1.832031	0.342406
1.83252	2.38088
1.833008	3.58979
1.833496	3.54828
1.833984	2.27559
1.834473	0.210831
1.834961	-1.93901
1.835449	-3.4341
1.835937	-3.75452
1.836426	-2.79047
1.836914	-0.879622
1.837402	1.32329
1.837891	3.06316
1.838379	3.73499
1.838867	3.10825
1.839355	1.40394
1.839844	-0.79487
1.840332	-2.73338
1.84082	-3.7419
1.841309	-3.46785
1.841797	-2.01179
1.842285	0.123537
1.842773	2.20861
1.843262	3.5235
1.84375	3.61002
1.844238	2.44427
1.844727	0.428898
1.845215	-1.74641
1.845703	-3.33481
1.846191	-3.78139
1.84668	-2.93521
1.847168	-1.09184
1.847656	1.11689
1.848145	2.93298
1.848633	3.72662
1.849121	3.22443
1.849609	1.60352
1.850098	-0.578593
1.850586	-2.57594
1.851074	-3.69737
1.851562	-3.55198
1.852051	-2.19417
1.852539	-0.0950918
1.853027	2.02837
1.853516	3.44438
1.854004	3.66058
1.854492	2.60471
1.85498	0.645514
1.855469	-1.54859
1.855957	-3.22385
1.856445	-3.79631
1.856934	-3.0692
1.857422	-1.29946
1.85791	0.906214
1.858398	2.79245
1.858887	3.70566
1.859375	3.32838
1.859863	1.79698
1.860352	-0.361124
1.86084	-2.41045
1.861328	-3.64079
1.861816	-3.62404
1.862305	-2.37002
1.862793	-0.313557
1.863281	1.84109
1.86377	3.35404
1.864258	3.69782
1.864746	2.75715
1.865234	0.859708
1.865723	-1.34528
1.866211	-3.10122
1.866699	-3.79776
1.867187	-3.19374
1.867676	-1.50327
1.868164	0.692712
1.868652	2.64286
1.869141	3.67157
1.869629	3.42246
1.870117	1.98561
1.870605	-0.142094
1.871094	-2.2371
1.871582	-3.57195
1.87207	-3.68423
1.872559	-2.53728
1.873047	-0.531464
1.873535	1.64841
1.874023	3.25222
1.874512	3.7225
1.875	2.89907
1.875488	1.07032
1.875977	-1.13837
1.876465	-2.97012
1.876953	-3.78685
1.877441	-3.30791
1.87793	-1.70217
1.878418	0.476761
1.878906	2.48399
1.879395	3.62509
1.879883	3.50384
1.880371	2.16745
1.880859	0.07603
1.881348	-2.05454
1.881836	-3.49036
1.882324	-3.73141
1.882812	-2.6967
1.883301	-0.747161
1.883789	1.44947
1.884277	3.13897
1.884766	3.735
1.885254	3.03214
1.885742	1.27757
1.88623	-0.926666
1.886719	-2.82669
1.887207	-3.76254
1.887695	-3.4104
1.888184	-1.89547
1.888672	0.258909
1.88916	2.31623
1.889648	3.56615
1.890137	3.57313
1.890625	2.34051
1.891113	0.294329
1.891602	-1.86641
1.89209	-3.39821
1.892578	-3.76677
1.893066	-2.84754
1.893555	-0.960817
1.894043	1.24513
1.894531	3.01495
1.89502	3.73387
1.895508	3.15397
1.895996	1.48048
1.896484	-0.712131
1.896973	-2.67501
1.897461	-3.72633
1.897949	-3.5013
1.898437	-2.08153
1.898926	0.0409696
1.899414	2.14107
1.899902	3.49493
1.900391	3.63109
1.900879	2.50677
1.901367	0.511263
1.901855	-1.6717
1.902344	-3.29368
1.902832	-3.78862
1.90332	-2.98757
1.903809	-1.1704
1.904297	1.03725
1.904785	2.88082
1.905273	3.72033
1.905762	3.26525
1.90625	1.67721
1.906738	-0.495912
1.907227	-2.51396
1.907715	-3.67792
1.908203	-3.58085
1.908691	-2.26222
1.90918	-0.178278
1.909668	1.95849
1.910156	3.41146
1.910645	3.67582
1.911133	2.66365
1.911621	0.727018
1.912109	-1.47185
1.912598	-3.17832
1.913086	-3.7985
1.913574	-3.11802
1.914062	-1.37743
1.914551	0.825465
1.915039	2.73728
1.915527	3.69447
1.916016	3.36571
1.916504	1.86977
1.916992	-0.278353
1.91748	-2.34491
1.917969	-3.61517
1.918457	-3.64817
1.918945	-2.43449
1.919434	-0.396364
1.919922	1.76857
1.92041	3.31639
1.920898	3.70874
1.921387	2.81184
1.921875	0.939937
1.922363	-1.26745
1.922852	-3.05305
1.92334	-3.79507
1.923828	-3.2383
1.924316	-1.57956
1.924805	0.610586
1.925293	2.58308
1.925781	3.6551
1.92627	3.45429
1.926758	2.05532
1.927246	-0.0597788
1.927734	-2.16797
1.928223	-3.54238
1.928711	-3.70272
1.929199	-2.59841
1.929687	-0.613799
1.930176	1.57336
1.930664	3.21012
1.931152	3.7284
1.931641	2.95077
1.932129	1.14998
1.932617	-1.05802
1.933105	-2.91558
1.933594	-3.77906
1.934082	-3.34756
1.93457	-1.77636
1.935059	0.394119
1.935547	2.42103
1.936035	3.60382
1.936523	3.53174
1.937012	2.23368
1.9375	0.158967
1.937988	-1.98379
1.938477	-3.45647
1.938965	-3.74645
1.939453	-2.75463
1.939941	-0.829087
1.94043	1.37151
1.940918	3.093
1.941406	3.73554
1.941895	3.07926
1.942383	1.3549
1.942871	-0.845103
1.943359	-2.76965
1.943848	-3.75089
1.944336	-3.44598
1.944824	-1.96723
1.945312	0.176537
1.945801	2.25092
1.946289	3.54014
1.946777	3.59689
1.947266	2.40486
1.947754	0.377423
1.948242	-1.79297
1.94873	-3.35914
1.949219	-3.77619
1.949707	-2.90116
1.950195	-1.04114
1.950684	1.16685
1.951172	2.96531
1.95166	3.73019
1.952148	3.19744
1.952637	1.55619
1.953125	-0.630579
1.953613	-2.61456
1.954102	-3.70945
1.95459	-3.53299
1.955078	-2.15163
1.955566	-0.0430959
1.956055	2.07196
1.956543	3.46411
1.957031	3.64895
1.95752	2.56721
1.958008	0.593569
1.958496	-1.59634
1.958984	-3.25134
1.959473	-3.7934
1.959961	-3.03787
1.960449	-1.25049
1.960937	0.95738
1.961426	2.82702
1.961914	3.71215
1.962402	3.30497
1.962891	1.75156
1.963379	-0.413346
1.963867	-2.45045
1.964355	-3.65552
1.964844	-3.60785
1.965332	-2.32842
1.96582	-0.261402
1.966309	1.88701
1.966797	3.3768
1.967285	3.69013
1.967773	2.72138
1.968262	0.808639
1.96875	-1.39431
1.969238	-3.13191
1.969727	-3.79877
1.970215	-3.16507
1.970703	-1.45478
1.971191	0.743889
1.97168	2.67889
1.972168	3.68101
1.972656	3.40162
1.973145	1.94138
1.973633	-0.195603
1.974121	-2.27877
1.974609	-3.5896
1.975098	-3.67096
1.975586	-2.4982
1.976074	-0.479819
1.976562	1.69475
1.977051	3.27746
1.977539	3.71783
1.978027	2.86601
1.978516	1.02027
1.979004	-1.18754
1.979492	-3.00169
1.97998	-3.79094
1.980469	-3.28163
1.980957	-1.65492
1.981445	0.528708
1.981934	2.52339
1.982422	3.6375
1.98291	3.48552
1.983398	2.12407
1.983887	0.0237125
1.984375	-2.09863
1.984863	-3.51099
1.985352	-3.72121
1.98584	-2.65933
1.986328	-0.695879
1.986816	1.49697
1.987305	3.1668
1.987793	3.73297
1.988281	3.00083
1.98877	1.22803
1.989258	-0.977726
1.989746	-2.86174
1.990234	-3.77055
1.990723	-3.38694
1.991211	-1.8497
1.991699	0.310923
1.992187	2.35688
1.992676	3.58113
1.993164	3.55783
1.993652	2.29998
1.994141	0.242478
1.994629	-1.91187
1.995117	-3.42136
1.995605	-3.75924
1.996094	-2.81187
1.996582	-0.909734
1.99707	1.29556
1.997559	3.04579
1.998047	3.73521
1.998535	3.12623
1.999023	1.43246
1.999512	-0.763868
