Time - Voltage (FFT - (RMS))	Amplitude - Voltage (FFT - (RMS))
0	4.61496
1.024	1.60921
2.048	-64.1304
3.072	-64.2143
4.096	-62.5748
5.12	-64.5341
6.144	-63.7976
7.168	-64.0798
8.192	-66.1476
9.216	-68.8499
10.24	-72.043
11.264	-72.044
12.288	-70.6425
13.312	-73.5699
14.336	-77.8568
15.36	-86.5115
16.384	-78.8224
17.408	-84.46
18.432	-77.6179
19.456	-83.2468
20.48	-76.8611
21.504	-79.8061
22.528	-67.1471
23.552	-61.6865
24.576	-70.3548
25.6	-58.7085
26.624	-56.7559
27.648	-60.6465
28.672	-61.3802
29.696	-66.0221
30.72	-58.1269
31.744	-53.3518
32.768	-55.9602
33.792	-48.3274
34.816	-40.044
35.84	-33.0182
36.864	-30.6929
37.888	-36.7184
38.912	-37.6825
39.936	-35.9652
40.96	-42.0357
41.984	-46.1014
43.008	-50.0979
44.032	-57.2701
45.056	-67.5585
46.08	-71.7913
47.104	-69.0176
48.128	-61.4548
49.152	-67.4289
50.176	-85.056
51.2	-76.973
52.224	-74.5112
53.248	-75.1967
54.272	-79.6203
55.296	-81.8091
56.32	-78.8851
57.344	-77.3669
58.368	-91.7346
59.392	-79.8169
60.416	-83.0009
61.44	-81.6181
62.464	-75.6685
63.488	-82.6959
64.512	-73.5608
65.536	-75.2772
66.56	-75.9806
67.584	-73.0992
68.608	-76.1475
69.632	-69.9619
70.656	-73.3735
71.68	-73.2147
72.704	-75.2122
73.728	-74.1041
74.752	-76.2486
75.776	-79.2197
76.8	-89.3482
77.824	-74.0006
78.848	-74.6964
79.872	-72.794
80.896	-70.8127
81.92	-74.1994
82.944	-72.5892
83.968	-78.1013
84.992	-74.8367
86.016	-81.9106
87.04	-79.375
88.064	-88.2441
89.088	-78.7069
90.112	-79.5634
91.136	-84.1372
92.16	-89.3118
93.184	-89.1925
94.208	-87.4833
95.232	-83.2015
96.256	-83.973
97.28	-89.4486
98.304	-85.2532
99.328	-94.0503
100.352	-80.7302
101.376	-84.7923
102.4	-88.3492
103.424	-80.9637
104.448	-81.0049
105.472	-79.305
106.496	-78.3912
107.52	-78.8889
108.544	-76.4578
109.568	-75.7315
110.592	-72.6926
111.616	-72.8118
112.64	-70.9166
113.664	-73.4548
114.688	-74.6403
115.712	-74.8867
116.736	-75.0765
117.76	-78.7073
118.784	-75.803
119.808	-81.9302
120.832	-80.1867
121.856	-81.119
122.88	-85.9871
123.904	-86.8696
124.928	-86.211
125.952	-83.5863
126.976	-94.8546
128	-84.5057
129.024	-87.6308
130.048	-84.9187
131.072	-83.0096
132.096	-93.3767
133.12	-91.1453
134.144	-91.9976
135.168	-87.2662
136.192	-94.1801
137.216	-89.261
138.24	-85.5935
139.264	-88.2668
140.288	-89.3449
141.312	-86.2807
142.336	-85.4887
143.36	-104.889
144.384	-85.1438
145.408	-90.2245
146.432	-80.47
147.456	-88.7459
148.48	-86.7778
149.504	-87.0631
150.528	-85.7544
151.552	-84.8216
152.576	-83.4732
153.6	-84.1776
154.624	-83.0844
155.648	-85.4511
156.672	-88.1185
157.696	-89.4578
158.72	-88.7061
159.744	-90.8661
160.768	-96.9616
161.792	-89.4777
162.816	-92.4989
163.84	-89.6864
164.864	-88.5418
165.888	-87.9442
166.912	-90.274
167.936	-85.9844
168.96	-89.1763
169.984	-95.6893
171.008	-88.8258
172.032	-101.425
173.056	-95.6715
174.08	-90.2579
175.104	-88.802
176.128	-93.1244
177.152	-93.1952
178.176	-89.4841
179.2	-94.0327
180.224	-93.2268
181.248	-105.951
182.272	-98.6226
183.296	-88.9724
184.32	-88.0117
185.344	-87.0737
186.368	-83.8494
187.392	-86.004
188.416	-83.3958
189.44	-88.1646
190.464	-86.3629
191.488	-85.2894
192.512	-87.907
193.536	-83.3606
194.56	-100.486
195.584	-85.6766
196.608	-97.1605
197.632	-86.4922
198.656	-89.0362
199.68	-101.531
200.704	-88.9152
201.728	-91.9555
202.752	-90.8886
203.776	-98.3112
204.8	-105.818
205.824	-86.9209
206.848	-89.5662
207.872	-96.1676
208.896	-95.5438
209.92	-93.5203
210.944	-97.5452
211.968	-110.258
212.992	-106.403
214.016	-90.6054
215.04	-89.1843
216.064	-110.858
217.088	-99.8792
218.112	-91.9839
219.136	-96.6709
220.16	-90.3111
221.184	-104.179
222.208	-86.5162
223.232	-95.8233
224.256	-86.5866
225.28	-87.5306
226.304	-87.8518
227.328	-88.1832
228.352	-85.3979
229.376	-88.1321
230.4	-88.6121
231.424	-87.3015
232.448	-86.5626
233.472	-91.5211
234.496	-90.2815
235.52	-94.5751
236.544	-94.1068
237.568	-92.6594
238.592	-97.4902
239.616	-93.742
240.64	-98.3
241.664	-100.535
242.688	-93.8822
243.712	-98.2626
244.736	-89.6953
245.76	-96.1998
246.784	-100.597
247.808	-98.2325
248.832	-100.015
249.856	-110.356
250.88	-95.5148
251.904	-95.9123
252.928	-101.813
253.952	-93.8509
254.976	-94.0719
256	-89.4834
257.024	-103.672
258.048	-102.839
259.072	-110.608
260.096	-95.0456
261.12	-89.0756
262.144	-100.63
263.168	-88.1264
264.192	-91.493
265.216	-91.404
266.24	-93.2515
267.264	-99.5057
268.288	-87.8337
269.312	-91.827
270.336	-101.243
271.36	-90.7208
272.384	-102.807
273.408	-88.789
274.432	-98.8104
275.456	-92.3566
276.48	-95.4809
277.504	-99.8501
278.528	-117.257
279.552	-96.953
280.576	-96.305
281.6	-105.306
282.624	-96.7645
283.648	-101.245
284.672	-96.4683
285.696	-98.5752
286.72	-98.625
287.744	-103.291
288.768	-106.158
289.792	-101.523
290.816	-92.1739
291.84	-90.5858
292.864	-90.554
293.888	-100.715
294.912	-101.676
295.936	-97.4189
296.96	-100.851
297.984	-92.4086
299.008	-102.626
300.032	-92.3028
301.056	-95.1645
302.08	-89.0412
303.104	-108.103
304.128	-88.7052
305.152	-102.29
306.176	-95.8088
307.2	-95.7216
308.224	-97.9115
309.248	-103.24
310.272	-93.3929
311.296	-94.2394
312.32	-98.8658
313.344	-105.394
314.368	-115.909
315.392	-97.2103
316.416	-97.2073
317.44	-100.818
318.464	-104.437
319.488	-94.3239
320.512	-98.1602
321.536	-98.3909
322.56	-95.9467
323.584	-96.7781
324.608	-92.1266
325.632	-95.5321
326.656	-103.777
327.68	-92.0158
328.704	-95.2776
329.728	-96.9892
330.752	-93.8716
331.776	-98.1738
332.8	-101.994
333.824	-113.217
334.848	-117.232
335.872	-103.475
336.896	-95.5767
337.92	-100.828
338.944	-98.5736
339.968	-94.5836
340.992	-98.4294
342.016	-98.545
343.04	-103.495
344.064	-97.7539
345.088	-99.0391
346.112	-102.54
347.136	-96.0355
348.16	-118.307
349.184	-92.585
350.208	-100.352
351.232	-96.8155
352.256	-96.3472
353.28	-93.5617
354.304	-95.4014
355.328	-93.5681
356.352	-106.728
357.376	-109.242
358.4	-98.23
359.424	-99.0982
360.448	-108.555
361.472	-100.73
362.496	-99.2964
363.52	-104.639
364.544	-97.6307
365.568	-103.617
366.592	-99.6763
367.616	-117.326
368.64	-99.2637
369.664	-104.271
370.688	-108.823
371.712	-95.1068
372.736	-93.435
373.76	-93.5356
374.784	-94.101
375.808	-96.4223
376.832	-96.3681
377.856	-96.9984
378.88	-94.2552
379.904	-99.3951
380.928	-99.7958
381.952	-108.191
382.976	-100.536
384	-100.224
385.024	-107.879
386.048	-96.0146
387.072	-96.0077
388.096	-104.663
389.12	-99.4649
390.144	-106.453
391.168	-105.497
392.192	-102.885
393.216	-96.7863
394.24	-104.865
395.264	-95.8471
396.288	-111.611
397.312	-105.878
398.336	-97.3405
399.36	-97.3792
400.384	-104.686
401.408	-107.137
402.432	-106.962
403.456	-112.645
404.48	-111.169
405.504	-98.5933
406.528	-103.042
407.552	-97.3888
408.576	-99.8288
409.6	-97.1185
410.624	-104.248
411.648	-110.22
412.672	-98.7337
413.696	-106.618
414.72	-102.463
415.744	-103.558
416.768	-97.7519
417.792	-102.428
418.816	-100.769
419.84	-100.868
420.864	-113.536
421.888	-103.095
422.912	-103.969
423.936	-112.428
424.96	-128.444
425.984	-107.253
427.008	-108.965
428.032	-102.874
429.056	-102.319
430.08	-108.611
431.104	-104.955
432.128	-98.9202
433.152	-94.5205
434.176	-95.8106
435.2	-101.252
436.224	-105.566
437.248	-108.689
438.272	-111.582
439.296	-106.429
440.32	-103.464
441.344	-101.413
442.368	-99.015
443.392	-95.8927
444.416	-93.5002
445.44	-99.8187
446.464	-112.255
447.488	-115.654
448.512	-102.978
449.536	-96.3542
450.56	-93.7317
451.584	-94.135
452.608	-97.8332
453.632	-102.87
454.656	-108.367
455.68	-106.519
456.704	-106.936
457.728	-100.335
458.752	-96.5477
459.776	-96.8912
460.8	-96.1908
461.824	-96.2786
462.848	-102.91
463.872	-103.293
464.896	-99.3107
465.92	-101.94
466.944	-98.7038
467.968	-100.926
468.992	-99.043
470.016	-102.408
471.04	-100.335
472.064	-99.9926
473.088	-100.504
474.112	-105.227
475.136	-100.111
476.16	-102.059
477.184	-97.3097
478.208	-97.7015
479.232	-99.5063
480.256	-97.3355
481.28	-105.027
482.304	-104.72
483.328	-99.3045
484.352	-106.21
485.376	-98.3637
486.4	-101.209
487.424	-103.468
488.448	-104.913
489.472	-101.799
490.496	-102.424
491.52	-112.522
492.544	-105.734
493.568	-96.2808
494.592	-99.7608
495.616	-95.4565
496.64	-99.3596
497.664	-100.835
498.688	-106.606
499.712	-103.355
500.736	-108.09
501.76	-103.482
502.784	-102.877
503.808	-105.554
504.832	-104.639
505.856	-104.923
506.88	-96.5975
507.904	-100.034
508.928	-102.191
509.952	-97.6417
510.976	-99.9363
512	-106.237
513.024	-102.463
514.048	-101.955
515.072	-101.488
516.096	-108.667
517.12	-98.8623
518.144	-99.6593
519.168	-100.278
520.192	-101.753
521.216	-103.39
522.24	-101.13
523.264	-102.18
524.288	-100.196
525.312	-99.861
526.336	-106.756
527.36	-112.747
528.384	-101.826
529.408	-109.475
530.432	-104.848
531.456	-99.374
532.48	-100.495
533.504	-97.9639
534.528	-99.3013
535.552	-104.436
536.576	-98.6488
537.6	-110.814
538.624	-100.07
539.648	-95.5409
540.672	-94.7766
541.696	-99.6581
542.72	-104.531
543.744	-116.331
544.768	-105.53
545.792	-105.912
546.816	-99.2462
547.84	-102.293
548.864	-102.791
549.888	-99.0873
550.912	-106.566
551.936	-109.701
552.96	-103.56
553.984	-99.491
555.008	-101.082
556.032	-100.064
557.056	-102.702
558.08	-105.3
559.104	-105.878
560.128	-99.9552
561.152	-100.592
562.176	-105.574
563.2	-108.603
564.224	-107.38
565.248	-100.463
566.272	-106.544
567.296	-119.588
568.32	-110.243
569.344	-104.798
570.368	-107.932
571.392	-101.881
572.416	-106.613
573.44	-98.2311
574.464	-102.298
575.488	-107.426
576.512	-100.752
577.536	-94.955
578.56	-98.9951
579.584	-119.447
580.608	-105.413
581.632	-103.921
582.656	-106.104
583.68	-106.589
584.704	-99.736
585.728	-102.645
586.752	-98.6427
587.776	-99.1995
588.8	-110.768
589.824	-106.993
590.848	-125.303
591.872	-103.965
592.896	-105.003
593.92	-104.795
594.944	-100.055
595.968	-106.363
596.992	-102.905
598.016	-97.961
599.04	-103.693
600.064	-110.099
601.088	-116.326
602.112	-105.986
603.136	-105.383
604.16	-110.451
605.184	-106.456
606.208	-100.684
607.232	-102.177
608.256	-111.054
609.28	-101.874
610.304	-98.6108
611.328	-106.208
612.352	-112.329
613.376	-102.838
614.4	-105.718
615.424	-104.463
616.448	-101.299
617.472	-101.088
618.496	-100.516
619.52	-100.895
620.544	-98.2842
621.568	-99.7654
622.592	-105.175
623.616	-103.589
624.64	-110.967
625.664	-99.5098
626.688	-98.6816
627.712	-103.627
628.736	-116.754
629.76	-107.929
630.784	-103.374
631.808	-102.085
632.832	-107.316
633.856	-105.381
634.88	-102.24
635.904	-113.046
636.928	-103.653
637.952	-116.854
638.976	-104.873
640	-108.381
641.024	-104.364
642.048	-103.369
643.072	-110.676
644.096	-107.692
645.12	-112.656
646.144	-107.665
647.168	-103.346
648.192	-107.948
649.216	-103.086
650.24	-105.19
651.264	-110.468
652.288	-104.048
653.312	-107.204
654.336	-105.107
655.36	-106.504
656.384	-105.546
657.408	-105.932
658.432	-98.4297
659.456	-99.3865
660.48	-102.436
661.504	-107.752
662.528	-103.403
663.552	-123.167
664.576	-110.813
665.6	-127.178
666.624	-112.788
667.648	-104.814
668.672	-114.557
669.696	-108.573
670.72	-100.274
671.744	-110.493
672.768	-116.845
673.792	-120.581
674.816	-109.573
675.84	-106.903
676.864	-109.632
677.888	-111.779
678.912	-109.618
679.936	-113.361
680.96	-107.985
681.984	-112.55
683.008	-104.171
684.032	-101.021
685.056	-109.09
686.08	-112.581
687.104	-115.498
688.128	-107.074
689.152	-103.837
690.176	-106.116
691.2	-116.743
692.224	-103.606
693.248	-111.274
694.272	-111.283
695.296	-106.175
696.32	-113.814
697.344	-103.552
698.368	-102.974
699.392	-107.754
700.416	-104.438
701.44	-105.28
702.464	-112.189
703.488	-106.053
704.512	-105.422
705.536	-107.838
706.56	-106.655
707.584	-117.492
708.608	-109.705
709.632	-107.315
710.656	-103.836
711.68	-101.822
712.704	-111.618
713.728	-105.014
714.752	-104.281
715.776	-110.139
716.8	-114.824
717.824	-112.74
718.848	-111.341
719.872	-104.331
720.896	-105.866
721.92	-109.032
722.944	-113.954
723.968	-111.173
724.992	-111.44
726.016	-108.346
727.04	-105.011
728.064	-110.131
729.088	-115.563
730.112	-121.808
731.136	-107.365
732.16	-107.442
733.184	-104.828
734.208	-105.816
735.232	-132.301
736.256	-100.475
737.28	-103.837
738.304	-103.192
739.328	-103.218
740.352	-116.062
741.376	-115.597
742.4	-107.366
743.424	-105.888
744.448	-116.483
745.472	-105.316
746.496	-107.927
747.52	-105.949
748.544	-108.1
749.568	-104.57
750.592	-117
751.616	-109.761
752.64	-103.292
753.664	-110.029
754.688	-107.807
755.712	-107.984
756.736	-109.12
757.76	-119.447
758.784	-105.748
759.808	-105.286
760.832	-122.028
761.856	-108.817
762.88	-105.352
763.904	-105.789
764.928	-109.915
765.952	-112.021
766.976	-111.097
768	-101.08
769.024	-104.485
770.048	-104.746
771.072	-104.419
772.096	-107.813
773.12	-109.247
774.144	-102.256
775.168	-109.714
776.192	-109.004
777.216	-111.891
778.24	-101.602
779.264	-102.154
780.288	-101.603
781.312	-109.007
782.336	-102.246
783.36	-104.697
784.384	-106.193
785.408	-109.726
786.432	-111.001
787.456	-113.457
788.48	-111.399
789.504	-109.806
790.528	-104.288
791.552	-108.824
792.576	-113.131
793.6	-101.828
794.624	-106.815
795.648	-104.819
796.672	-112.416
797.696	-110.23
798.72	-122.229
799.744	-104.668
800.768	-113.922
801.792	-110.588
802.816	-105.281
803.84	-108.157
804.864	-101.359
805.888	-101.184
806.912	-102.615
807.936	-105.9
808.96	-107.843
809.984	-108.727
811.008	-103.973
812.032	-105.909
813.056	-102.176
814.08	-101.698
815.104	-106.412
816.128	-108.596
817.152	-116.424
818.176	-112.522
819.2	-106.54
820.224	-106.601
821.248	-104.438
822.272	-100.558
823.296	-102.825
824.32	-106.623
825.344	-112.622
826.368	-107.022
827.392	-106.637
828.416	-113.75
829.44	-117.134
830.464	-111.888
831.488	-108.712
832.512	-106.174
833.536	-103.322
834.56	-103.059
835.584	-116.643
836.608	-102.326
837.632	-103.693
838.656	-108.071
839.68	-107.67
840.704	-112.118
841.728	-110.92
842.752	-124.304
843.776	-112.599
844.8	-108.459
845.824	-112.194
846.848	-105.246
847.872	-118.085
848.896	-117.059
849.92	-104.813
850.944	-112.856
851.968	-108.984
852.992	-107.315
854.016	-111.931
855.04	-103.056
856.064	-114.37
857.088	-106.003
858.112	-105.768
859.136	-110.196
860.16	-106.167
861.184	-124.831
862.208	-111.783
863.232	-108.042
864.256	-112.929
865.28	-114.28
866.304	-116.589
867.328	-106.175
868.352	-100.492
869.376	-103.574
870.4	-108.422
871.424	-107.673
872.448	-114.254
873.472	-115.35
874.496	-109.843
875.52	-119.919
876.544	-103.718
877.568	-109.518
878.592	-108.495
879.616	-112.289
880.64	-106.278
881.664	-104.996
882.688	-114.795
883.712	-104.559
884.736	-104.464
885.76	-110.716
886.784	-105.324
887.808	-100.531
888.832	-109.507
889.856	-107.259
890.88	-104.737
891.904	-115.028
892.928	-114.464
893.952	-113.554
894.976	-106.972
896	-118.695
897.024	-107.103
898.048	-115.015
899.072	-102.892
900.096	-111.168
901.12	-111.984
902.144	-113.939
903.168	-103.568
904.192	-105.079
905.216	-114.613
906.24	-117.6
907.264	-107.558
908.288	-110.485
909.312	-109.848
910.336	-109.587
911.36	-108.629
912.384	-110.229
913.408	-105.168
914.432	-109.157
915.456	-104.143
916.48	-105.006
917.504	-106.06
918.528	-110.239
919.552	-110.037
920.576	-114.554
921.6	-124.029
922.624	-104.275
923.648	-109.118
924.672	-111.733
925.696	-111.699
926.72	-109.799
927.744	-114.327
928.768	-101.425
929.792	-101.58
930.816	-105.796
931.84	-109.283
932.864	-108.777
933.888	-121.214
934.912	-112.051
935.936	-115.675
936.96	-108.525
937.984	-105.586
939.008	-109.24
940.032	-103.677
941.056	-110.429
942.08	-108.195
943.104	-111.55
944.128	-110.694
945.152	-110.748
946.176	-118.916
947.2	-114.3
948.224	-112.745
949.248	-122.571
950.272	-112.381
951.296	-123.051
952.32	-116.622
953.344	-116.962
954.368	-108.173
955.392	-107.47
956.416	-109.136
957.44	-110.879
958.464	-108.753
959.488	-115.891
960.512	-119.619
961.536	-106.431
962.56	-106.861
963.584	-106.833
964.608	-111.145
965.632	-112.56
966.656	-109.896
967.68	-116.237
968.704	-106.176
969.728	-106.729
970.752	-108.087
971.776	-102.831
972.8	-104.855
973.824	-111.043
974.848	-109.722
975.872	-114.749
976.896	-104.961
977.92	-109.588
978.944	-103.714
979.968	-111.766
980.992	-115.576
982.016	-112.123
983.04	-109.7
984.064	-114.35
985.088	-122.819
986.112	-111.205
987.136	-111.478
988.16	-108.16
989.184	-111.346
990.208	-111.233
991.232	-107.237
992.256	-105.947
993.28	-120.956
994.304	-130.373
995.328	-115.355
996.352	-114.505
997.376	-120.881
998.4	-111.875
999.424	-107.122
1000.448	-106.149
1001.472	-107.857
1002.496	-115.732
1003.52	-116.271
1004.544	-111.46
1005.568	-119.271
1006.592	-119.28
1007.616	-113.198
1008.64	-111.124
1009.664	-117.18
1010.688	-112.871
1011.712	-114.079
1012.736	-111.849
1013.76	-117.581
1014.784	-119.059
1015.808	-111.935
1016.832	-106.635
1017.856	-112.114
1018.88	-127.775
1019.904	-120.272
1020.928	-124.478
1021.952	-113.186
1022.976	-115.842
