Time - Voltage (FFT - (RMS))	Amplitude - Voltage (FFT - (RMS))
0	4.43039
1.024	1.6712
2.048	-28.2737
3.072	-31.6278
4.096	-36.8969
5.12	-41.7963
6.144	-42.715
7.168	-44.6492
8.192	-50.1818
9.216	-56.4641
10.24	-53.4952
11.264	-54.7298
12.288	-60.0206
13.312	-72.6268
14.336	-65.9652
15.36	-72.1208
16.384	-72.7794
17.408	-66.9439
18.432	-69.9827
19.456	-62.2787
20.48	-57.0853
21.504	-57.0219
22.528	-58.847
23.552	-62.3398
24.576	-52.0746
25.6	-49.9881
26.624	-59.3592
27.648	-56.2053
28.672	-50.4389
29.696	-46.3259
30.72	-46.4429
31.744	-44.346
32.768	-42.5085
33.792	-44.9924
34.816	-30.5602
35.84	-21.1775
36.864	-14.4477
37.888	-11.8202
38.912	-13.2012
39.936	-17.7677
40.96	-26.3288
41.984	-40.5747
43.008	-43.8185
44.032	-44.5277
45.056	-51.2027
46.08	-55.8547
47.104	-53.2184
48.128	-51.321
49.152	-53.7355
50.176	-53.1186
51.2	-53.359
52.224	-56.4694
53.248	-56.5076
54.272	-54.6259
55.296	-54.7376
56.32	-56.6786
57.344	-58.5153
58.368	-57.1569
59.392	-56.8812
60.416	-58.9048
61.44	-60.3679
62.464	-58.5755
63.488	-59.6987
64.512	-68.9242
65.536	-60.1307
66.56	-53.9499
67.584	-52.7379
68.608	-53.7997
69.632	-52.6168
70.656	-48.9672
71.68	-46.431
72.704	-44.9286
73.728	-43.3108
74.752	-41.6183
75.776	-40.276
76.8	-39.5418
77.824	-39.7401
78.848	-41.5738
79.872	-45.5344
80.896	-50.5222
81.92	-52.8509
82.944	-53.941
83.968	-57.1763
84.992	-62.9795
86.016	-60.8066
87.04	-60.7038
88.064	-65.3263
89.088	-78.6074
90.112	-65.2549
91.136	-63.2279
92.16	-64.7029
93.184	-63.4305
94.208	-61.6997
95.232	-61.8662
96.256	-64.7936
97.28	-64.5995
98.304	-60.4
99.328	-59.7877
100.352	-61.8609
101.376	-71.0464
102.4	-65.2845
103.424	-62.3435
104.448	-60.6968
105.472	-58.8692
106.496	-56.0778
107.52	-57.1792
108.544	-62.1145
109.568	-52.0574
110.592	-44.496
111.616	-40.1624
112.64	-37.7096
113.664	-36.774
114.688	-37.1712
115.712	-38.9893
116.736	-42.1985
117.76	-46.9259
118.784	-53.8051
119.808	-64.6794
120.832	-75.0898
121.856	-80.4285
122.88	-72.0805
123.904	-66.4812
124.928	-66.6466
125.952	-73.8971
126.976	-72.6092
128	-66.73
129.024	-64.9281
130.048	-67.2001
131.072	-71.7056
132.096	-75.4551
133.12	-69.3744
134.144	-69.102
135.168	-71.5553
136.192	-72.7984
137.216	-70.1199
138.24	-70.6983
139.264	-77.2414
140.288	-75.8918
141.312	-68.2564
142.336	-64.3172
143.36	-62.5842
144.384	-63.3026
145.408	-63.122
146.432	-62.2181
147.456	-59.9775
148.48	-57.5464
149.504	-55.9363
150.528	-55.5075
151.552	-55.5993
152.576	-55.4757
153.6	-54.7142
154.624	-53.5694
155.648	-53.0328
156.672	-53.6902
157.696	-55.3553
158.72	-58.1312
159.744	-60.7142
160.768	-63.3502
161.792	-65.948
162.816	-67.1718
163.84	-68.8068
164.864	-72.9534
165.888	-84.0439
166.912	-76.0243
167.936	-71.8971
168.96	-70.6151
169.984	-73.8904
171.008	-74.8903
172.032	-72.4614
173.056	-70.5945
174.08	-70.3451
175.104	-70.0096
176.128	-74.6157
177.152	-87.6933
178.176	-74.585
179.2	-72.3389
180.224	-74.5362
181.248	-71.1916
182.272	-69.7983
183.296	-72.6464
184.32	-70.2165
185.344	-60.9758
186.368	-55.6567
187.392	-52.7288
188.416	-51.7412
189.44	-52.1941
190.464	-54.0699
191.488	-55.7021
192.512	-55.9931
193.536	-57.259
194.56	-61.2587
195.584	-69.7366
196.608	-76.9426
197.632	-74.6752
198.656	-82.4821
199.68	-72.5174
200.704	-67.5986
201.728	-66.6948
202.752	-69.0606
203.776	-73.7568
204.8	-75.4468
205.824	-72.4278
206.848	-75.7488
207.872	-76.4455
208.896	-82.3915
209.92	-78.9179
210.944	-80.1169
211.968	-82.1768
212.992	-80.2571
214.016	-78.2754
215.04	-77.762
216.064	-77.6093
217.088	-76.3565
218.112	-75.1693
219.136	-75.8899
220.16	-73.5861
221.184	-73.7579
222.208	-72.5245
223.232	-69.6564
224.256	-67.9087
225.28	-67.1888
226.304	-67.439
227.328	-67.8278
228.352	-65.9166
229.376	-62.6294
230.4	-60.8966
231.424	-60.5788
232.448	-62.0396
233.472	-65.8098
234.496	-70.1788
235.52	-75.4522
236.544	-73.8505
237.568	-75.0266
238.592	-82.6313
239.616	-82.2446
240.64	-72.9215
241.664	-72.5407
242.688	-74.0034
243.712	-75.7722
244.736	-79.5606
245.76	-76.2575
246.784	-76.6738
247.808	-76.7802
248.832	-74.9893
249.856	-76.1283
250.88	-80.3906
251.904	-97.4961
252.928	-78.9376
253.952	-75.5796
254.976	-80.2134
256	-81.517
257.024	-73.659
258.048	-72.4718
259.072	-77.5827
260.096	-70.5437
261.12	-65.0289
262.144	-61.9109
263.168	-60.9415
264.192	-61.3531
265.216	-63.5574
266.24	-66.0981
267.264	-66.9296
268.288	-67.2612
269.312	-67.3078
270.336	-67.8327
271.36	-69.3049
272.384	-74.0324
273.408	-79.5086
274.432	-77.8102
275.456	-80.9133
276.48	-82.3414
277.504	-73.1059
278.528	-70.0222
279.552	-70.1053
280.576	-73.1057
281.6	-80.2583
282.624	-93.0037
283.648	-79.5965
284.672	-77.6069
285.696	-79.4126
286.72	-87.4173
287.744	-87.9317
288.768	-83.8586
289.792	-84.8942
290.816	-84.8719
291.84	-78.9299
292.864	-77.5047
293.888	-80.443
294.912	-84.173
295.936	-85.2551
296.96	-89.2503
297.984	-79.4488
299.008	-73.5398
300.032	-70.2263
301.056	-70.9806
302.08	-72.0848
303.104	-75.9968
304.128	-73.6497
305.152	-70.0059
306.176	-68.4116
307.2	-67.8765
308.224	-69.0487
309.248	-69.2703
310.272	-69.9794
311.296	-70.3815
312.32	-72.6398
313.344	-75.8206
314.368	-78.1079
315.392	-77.019
316.416	-78.0135
317.44	-81.417
318.464	-82.2192
319.488	-83.0083
320.512	-84.9532
321.536	-95.0633
322.56	-82.0698
323.584	-78.4155
324.608	-82.7887
325.632	-91.9229
326.656	-82.3384
327.68	-83.3431
328.704	-87.5884
329.728	-87.6258
330.752	-98.5719
331.776	-79.76
332.8	-77.3311
333.824	-78.4856
334.848	-108.28
335.872	-77.8387
336.896	-70.9564
337.92	-67.9659
338.944	-66.9215
339.968	-67.5304
340.992	-68.3527
342.016	-68.4797
343.04	-69.2565
344.064	-70.512
345.088	-75.3499
346.112	-77.9317
347.136	-81.9927
348.16	-83.7979
349.184	-91.3942
350.208	-82.9002
351.232	-77.0649
352.256	-74.1199
353.28	-74.9105
354.304	-80.4532
355.328	-84.8653
356.352	-78.1018
357.376	-77.4461
358.4	-80.6805
359.424	-83.9339
360.448	-82.2338
361.472	-82.9747
362.496	-86.5995
363.52	-93.396
364.544	-112.362
365.568	-90.73
366.592	-89.7715
367.616	-87.7335
368.64	-88.2194
369.664	-93.0831
370.688	-90.4924
371.712	-84.1447
372.736	-82.6445
373.76	-80.1643
374.784	-78.0367
375.808	-76.01
376.832	-77.333
377.856	-74.8343
378.88	-72.7086
379.904	-70.4871
380.928	-69.8585
381.952	-70.9268
382.976	-72.2157
384	-75.0544
385.024	-75.0158
386.048	-73.5513
387.072	-71.8752
388.096	-71.8781
389.12	-73.3147
390.144	-74.3795
391.168	-78.6521
392.192	-86.0128
393.216	-93.1444
394.24	-82.9646
395.264	-83.5291
396.288	-86.6173
397.312	-96.2597
398.336	-84.7285
399.36	-85.26
400.384	-84.3059
401.408	-85.336
402.432	-82.5059
403.456	-90.5493
404.48	-86.7862
405.504	-81.8438
406.528	-79.9271
407.552	-82.9385
408.576	-81.3098
409.6	-80.6394
410.624	-83.4266
411.648	-84.1942
412.672	-75.9094
413.696	-72.3051
414.72	-70.2003
415.744	-69.4369
416.768	-69.5455
417.792	-69.347
418.816	-69.7596
419.84	-70.0365
420.864	-70.7898
421.888	-71.2127
422.912	-71.7372
423.936	-72.0053
424.96	-73.3919
425.984	-74.5715
427.008	-76.815
428.032	-79.2299
429.056	-82.1194
430.08	-83.9545
431.104	-86.2765
432.128	-89.4163
433.152	-88.9818
434.176	-86.5518
435.2	-85.5573
436.224	-86.5739
437.248	-84.9278
438.272	-85.687
439.296	-85.4707
440.32	-85.6176
441.344	-89.8548
442.368	-88.5012
443.392	-81.9514
444.416	-80.6912
445.44	-86.1388
446.464	-92.8122
447.488	-81.7282
448.512	-78.8347
449.536	-77.7595
450.56	-81.1505
451.584	-79.6261
452.608	-77.7413
453.632	-74.1804
454.656	-73.2985
455.68	-72.5462
456.704	-71.4981
457.728	-70.9028
458.752	-70.3268
459.776	-71.0053
460.8	-72.0891
461.824	-74.0469
462.848	-76.2735
463.872	-78.6474
464.896	-80.7619
465.92	-87.1908
466.944	-88.4572
467.968	-87.8681
468.992	-90.2773
470.016	-108.891
471.04	-92.9369
472.064	-83.3917
473.088	-83.2307
474.112	-82.0065
475.136	-92.1022
476.16	-89.7902
477.184	-84.1614
478.208	-82.8394
479.232	-86.1996
480.256	-94.1862
481.28	-83.2239
482.304	-80.6315
483.328	-81.4522
484.352	-83.2964
485.376	-83.6693
486.4	-83.2981
487.424	-82.7664
488.448	-81.4473
489.472	-77.7495
490.496	-74.288
491.52	-71.8698
492.544	-70.653
493.568	-70.2738
494.592	-69.8521
495.616	-68.7679
496.64	-68.4501
497.664	-68.0774
498.688	-68.5096
499.712	-69.8584
500.736	-71.8409
501.76	-75.0975
502.784	-80.6403
503.808	-79.9653
504.832	-79.0951
505.856	-80.0474
506.88	-84.1253
507.904	-83.7554
508.928	-81.5428
509.952	-81.1706
510.976	-83.8453
512	-86.9783
513.024	-84.2009
514.048	-84.3037
515.072	-86.958
516.096	-87.8808
517.12	-89.7666
518.144	-89.2665
519.168	-87.4254
520.192	-86.1912
521.216	-87.9184
522.24	-86.5675
523.264	-86.7755
524.288	-83.0734
525.312	-81.8499
526.336	-82.9017
527.36	-82.1155
528.384	-81.7513
529.408	-77.0179
530.432	-73.4921
531.456	-71.8421
532.48	-70.7332
533.504	-70.3871
534.528	-70.0937
535.552	-70.4415
536.576	-71.271
537.6	-72.8124
538.624	-73.8794
539.648	-74.6114
540.672	-74.8646
541.696	-76.2979
542.72	-79.2523
543.744	-83.5356
544.768	-86.3373
545.792	-83.5758
546.816	-81.5812
547.84	-81.901
548.864	-83.6576
549.888	-84.1213
550.912	-81.1904
551.936	-81.3647
552.96	-85.4939
553.984	-100.91
555.008	-86.2562
556.032	-84.3799
557.056	-87.5807
558.08	-85.985
559.104	-84.0889
560.128	-83.2063
561.152	-86.0717
562.176	-93.0598
563.2	-87.3085
564.224	-82.7482
565.248	-81.0762
566.272	-79.3137
567.296	-75.823
568.32	-73.3911
569.344	-72.609
570.368	-71.7227
571.392	-71.2681
572.416	-70.8434
573.44	-70.1695
574.464	-69.5894
575.488	-69.7316
576.512	-70.3065
577.536	-71.8808
578.56	-74.5148
579.584	-79.8076
580.608	-85.5653
581.632	-92.8814
582.656	-91.5717
583.68	-86.9271
584.704	-85.8991
585.728	-90.3391
586.752	-91.3556
587.776	-83.1841
588.8	-80.7537
589.824	-82.8931
590.848	-88.1202
591.872	-86.1571
592.896	-83.4157
593.92	-85.5067
594.944	-90.2023
595.968	-91.3869
596.992	-85.947
598.016	-85.5655
599.04	-90.8748
600.064	-88.403
601.088	-84.1901
602.112	-83.5965
603.136	-87.54
604.16	-88.7729
605.184	-81.3715
606.208	-77.1647
607.232	-74.7548
608.256	-73.6699
609.28	-72.4279
610.304	-71.5129
611.328	-70.8311
612.352	-70.9857
613.376	-70.813
614.4	-71.1184
615.424	-71.8424
616.448	-73.4852
617.472	-76.2966
618.496	-82.3285
619.52	-98.5531
620.544	-91.9785
621.568	-89.6559
622.592	-84.8516
623.616	-81.2828
624.64	-79.7688
625.664	-79.3614
626.688	-82.5503
627.712	-85.5272
628.736	-89.6654
629.76	-88.871
630.784	-88.9755
631.808	-102.029
632.832	-88.2845
633.856	-83.3168
634.88	-82.3028
635.904	-87.5892
636.928	-110.713
637.952	-92.1938
638.976	-88.1078
640	-92.4305
641.024	-85.2197
642.048	-81.7504
643.072	-79.2151
644.096	-77.9525
645.12	-76.6855
646.144	-76.0744
647.168	-74.7197
648.192	-73.4808
649.216	-72.091
650.24	-71.5224
651.264	-71.8119
652.288	-73.1162
653.312	-75.3847
654.336	-77.5598
655.36	-79.3972
656.384	-80.6967
657.408	-81.473
658.432	-82.5411
659.456	-81.7372
660.48	-80.2162
661.504	-80.4733
662.528	-80.7773
663.552	-82.653
664.576	-87.665
665.6	-98.5808
666.624	-93.9098
667.648	-89.9929
668.672	-89.4722
669.696	-91.1107
670.72	-87.1963
671.744	-85.6224
672.768	-86.2588
673.792	-92.0431
674.816	-102.362
675.84	-95.8812
676.864	-92.8684
677.888	-94.5911
678.912	-92.315
679.936	-91.2516
680.96	-86.6241
681.984	-83.4934
683.008	-79.1267
684.032	-77.0254
685.056	-75.3233
686.08	-75.3726
687.104	-75.216
688.128	-75.285
689.152	-75.0494
690.176	-74.0449
691.2	-73.0446
692.224	-73.1147
693.248	-74.6065
694.272	-77.8305
695.296	-81.412
696.32	-87.2126
697.344	-85.1783
698.368	-83.2359
699.392	-82.5912
700.416	-84.0128
701.44	-86.5824
702.464	-88.4907
703.488	-84.7661
704.512	-84.0132
705.536	-85.1501
706.56	-88.5557
707.584	-90.5884
708.608	-87.8942
709.632	-88.2939
710.656	-92.5267
711.68	-97.8084
712.704	-93.6399
713.728	-90.4342
714.752	-86.6064
715.776	-85.7463
716.8	-84.0729
717.824	-86.6192
718.848	-92.3664
719.872	-90.8279
720.896	-86.1201
721.92	-81.0682
722.944	-79.3186
723.968	-77.7116
724.992	-77.0499
726.016	-75.8574
727.04	-75.1861
728.064	-75.5733
729.088	-75.9555
730.112	-76.7087
731.136	-78.4522
732.16	-80.5961
733.184	-86.4256
734.208	-90.0353
735.232	-90.5305
736.256	-90.1879
737.28	-89.902
738.304	-84.9659
739.328	-81.9441
740.352	-80.5247
741.376	-81.0637
742.4	-83.544
743.424	-85.8209
744.448	-91.9225
745.472	-93.6292
746.496	-95.9138
747.52	-96.9594
748.544	-104.838
749.568	-100.89
750.592	-93.7577
751.616	-89.5169
752.64	-86.8864
753.664	-88.4583
754.688	-91.3642
755.712	-91.7419
756.736	-94.0321
757.76	-91.7503
758.784	-85.8121
759.808	-83.5217
760.832	-81.8729
761.856	-80.3487
762.88	-79.3666
763.904	-78.848
764.928	-78.7025
765.952	-79.261
766.976	-79.6019
768	-80.411
769.024	-82.9651
770.048	-88.3755
771.072	-88.2447
772.096	-90.8536
773.12	-92.2531
774.144	-88.6564
775.168	-83.0995
776.192	-80.1706
777.216	-78.6175
778.24	-80.1822
779.264	-81.4105
780.288	-84.8514
781.312	-89.4526
782.336	-95.708
783.36	-98.3604
784.384	-104.787
785.408	-97.7354
786.432	-97.5781
787.456	-93.34
788.48	-87.8502
789.504	-84.882
790.528	-83.3839
791.552	-83.3324
792.576	-87.945
793.6	-96.2465
794.624	-93.5158
795.648	-91.1879
796.672	-92.1891
797.696	-95.4272
798.72	-94.4626
799.744	-86.1797
800.768	-81.3313
801.792	-80.1594
802.816	-80.6084
803.84	-82.3386
804.864	-86.2803
805.888	-86.4472
806.912	-84.0091
807.936	-83.6218
808.96	-84.1567
809.984	-84.2299
811.008	-83.407
812.032	-83.7122
813.056	-83.6612
814.08	-82.7996
815.104	-82.4019
816.128	-83.0075
817.152	-84.0712
818.176	-86.3421
819.2	-89.4737
820.224	-90.2891
821.248	-90.0808
822.272	-93.8558
823.296	-101.01
824.32	-91.7833
825.344	-87.8253
826.368	-87.7901
827.392	-87.9802
828.416	-88.5069
829.44	-94.4753
830.464	-94.3566
831.488	-90.49
832.512	-90.034
833.536	-92.7498
834.56	-114.707
835.584	-95.4288
836.608	-93.9944
837.632	-96.1047
838.656	-92.2776
839.68	-87.8391
840.704	-87.2679
841.728	-87.5427
842.752	-89.2035
843.776	-87.6952
844.8	-89.1327
845.824	-92.2042
846.848	-90.8829
847.872	-88.5716
848.896	-86.6151
849.92	-85.5925
850.944	-85.7169
851.968	-85.7958
852.992	-87.1166
854.016	-86.6434
855.04	-85.3391
856.064	-83.4729
857.088	-82.6173
858.112	-83.3392
859.136	-84.9627
860.16	-89.6297
861.184	-92.577
862.208	-87.4371
863.232	-85.9196
864.256	-85.0216
865.28	-85.7405
866.304	-88.1892
867.328	-87.408
868.352	-87.1884
869.376	-86.9673
870.4	-92.99
871.424	-101.824
872.448	-91.3476
873.472	-86.0078
874.496	-86.9691
875.52	-89.5418
876.544	-96.1205
877.568	-96.2423
878.592	-90.8201
879.616	-91.5435
880.64	-93.8053
881.664	-94.0894
882.688	-96.1263
883.712	-95.6285
884.736	-92.8003
885.76	-89.7923
886.784	-89.3934
887.808	-88.9785
888.832	-91.5814
889.856	-90.3512
890.88	-87.4617
891.904	-85.2818
892.928	-82.5406
893.952	-82.1194
894.976	-82.5175
896	-86.7436
897.024	-91.7491
898.048	-100.978
899.072	-94.2502
900.096	-88.5341
901.12	-86.6826
902.144	-89.244
903.168	-92.411
904.192	-90.3599
905.216	-89.9063
906.24	-88.2776
907.264	-90.573
908.288	-97.8963
909.312	-97.5971
910.336	-91.0317
911.36	-88.6325
912.384	-88.1586
913.408	-88.8173
914.432	-88.0218
915.456	-88.6506
916.48	-94.4518
917.504	-96.1269
918.528	-93.9533
919.552	-91.2548
920.576	-89.2268
921.6	-89.1867
922.624	-89.615
923.648	-92.0243
924.672	-91.9039
925.696	-87.903
926.72	-85.5037
927.744	-83.179
928.768	-83.0448
929.792	-83.3562
930.816	-84.3317
931.84	-83.7654
932.864	-85.2181
933.888	-88.1123
934.912	-92.4619
935.936	-92.7499
936.96	-93.7319
937.984	-96.3987
939.008	-98.5574
940.032	-91.5176
941.056	-87.1681
942.08	-84.4025
943.104	-84.1335
944.128	-85.7189
945.152	-88.5304
946.176	-98.6905
947.2	-95.617
948.224	-92.3556
949.248	-92.9405
950.272	-92.971
951.296	-90.5668
952.32	-86.2217
953.344	-84.6369
954.368	-86.473
955.392	-88.4702
956.416	-88.5567
957.44	-87.5823
958.464	-89.565
959.488	-92.7975
960.512	-96.475
961.536	-93.9936
962.56	-87.4287
963.584	-85.4147
964.608	-83.8367
965.632	-83.6848
966.656	-84.0322
967.68	-86.1461
968.704	-86.5304
969.728	-87.3768
970.752	-89.8729
971.776	-95.2728
972.8	-98.6051
973.824	-92.6617
974.848	-91.482
975.872	-94.1537
976.896	-96.8454
977.92	-91.2054
978.944	-88.6296
979.968	-85.7352
980.992	-87.5465
982.016	-87.8896
983.04	-91.386
984.064	-94.8505
985.088	-96.5746
986.112	-99.0242
987.136	-94.5061
988.16	-88.3645
989.184	-84.7878
990.208	-83.369
991.232	-84.4731
992.256	-86.2297
993.28	-90.9318
994.304	-90.8023
995.328	-89.3423
996.352	-87.5817
997.376	-88.0183
998.4	-89.062
999.424	-88.6714
1000.448	-86.9639
1001.472	-86.8366
1002.496	-86.7563
1003.52	-88.123
1004.544	-89.3091
1005.568	-92.6593
1006.592	-94.2167
1007.616	-93.3523
1008.64	-90.9641
1009.664	-88.3052
1010.688	-87.5934
1011.712	-87.0415
1012.736	-89.4702
1013.76	-90.3176
1014.784	-92.0037
1015.808	-96.6367
1016.832	-100.699
1017.856	-101.359
1018.88	-108.189
1019.904	-102.212
1020.928	-98.2803
1021.952	-95.3519
1022.976	-97.9315
